100 100
70000 84312 65465 56704 81313 100000 100000 76793 50336 44461 63129 70000 70000 70000 70000 67930 49468 44786 67390 92426 93711 74474 69595 54286 42904 60880 91399 100000 100000 68650 45361 48633 67436 71227 88694 96190 75213 43277 20000 43398 75303 96218 88629 71202 70000 70000 70000 70000 70000 70000 70000 69373 53251 43133 62202 84160 72236 55347 72717 100000 100000 86095 55385 23061 31707 66078 98531 100000 94784 63357 43398 52368 69133 70000 70000 70000 69999 60294 43228 53626 80513 97247 84598 70230 75294 94441 91480 65952 44211 50465 68425 72102 90592 95174 72520 55358 72391 84116 62443 58880
70000 83028 59700 47431 71318 96086 79454 42390 19364 14271 30453 36447 48822 81360 100000 100000 70458 45695 58105 79350 76512 53203 44805 36779 41578 63068 86874 100000 100000 83142 65818 75391 93470 92823 93647 84571 64212 43326 42000 77990 100000 100000 90204 58932 54527 62941 78645 84311 79757 64338 54674 56403 46021 38023 53633 73781 69820 59288 71998 100000 100000 85552 55551 23540 26874 52805 75789 85576 58465 30650 13350 21125 35657 37152 44190 53140 55687 44687 23136 30036 56828 81938 86895 83587 90510 100000 96721 76687 65077 78542 94244 93527 100000 100000 81824 69491 93074 100000 86296 78366
70000 80748 49468 30971 53811 71245 51337 23963 13127 10765 18270 21089 39129 86560 100000 100000 83852 45705 42212 57386 70836 60460 43244 40203 59471 71273 67872 72139 73624 64924 65935 89684 99504 84288 57091 39903 42216 50777 76010 100000 100000 100000 100000 82578 65073 54953 60489 65464 61322 54868 63642 79572 75707 49387 40481 53155 70446 74736 69489 76720 93177 83659 57422 48083 66172 75237 68223 51891 31405 18361 10338 13944 20683 23097 42628 67465 74534 61236 31722 32413 57933 69493 60266 61786 78328 90856 93825 97577 100000 100000 100000 84668 85862 99226 97754 95079 100000 100000 84289 65098
70000 82120 55627 40880 63978 80560 66777 50890 49645 49421 50132 50416 57639 76630 88882 88654 76033 58586 53456 63265 86794 84178 59646 56270 78154 77817 53273 40799 51147 56655 68471 92116 87248 60479 23562 20229 48638 75223 93734 91582 89925 100000 100000 94614 67705 47247 50485 56703 51462 46557 65220 91922 100000 74786 53756 59367 83924 89268 67524 58340 78277 82177 58775 65307 92047 86809 60610 44457 48506 50140 49381 49722 50360 51664 63674 78948 83295 71380 46659 51088 76381 74084 48005 50741 72791 72852 70506 90239 100000 100000 87178 59881 52540 74120 86530 92043 100000 92260 65122 42819
70886 86232 71836 66736 90870 100000 96047 81615 80948 79975 79417 79566 75941 65781 59087 59170 65880 75821 79510 86397 100000 88820 62667 59050 80209 78341 53249 48713 71263 81328 90162 100000 84479 56560 27066 38146 74242 98505 94716 67881 60588 73877 87218 71860 46003 41354 66845 80411 69459 42231 43056 68924 92147 90610 79924 83345 98894 93847 68232 57324 77269 82651 59597 60344 75773 64282 40741 46865 74120 80365 80507 81156 81398 80307 72136 61818 58685 50335 38478 52642 78634 81406 65510 73403 92244 70568 46548 63686 99759 100000 83946 55801 39540 49500 58698 67396 90255 87037 61194 45203
87698 96426 82511 82678 100000 100000 100000 100000 100000 83813 74595 80642 76845 48697 26524 25786 38511 63264 78785 88296 92210 79770 66801 65223 74453 73638 63488 71303 99316 100000 100000 93605 61470 46795 35703 49500 75731 92798 87814 66220 60514 66310 72130 65431 54287 56725 80207 96878 88711 46062 28833 52399 84424 93959 82009 77882 92746 100000 85779 74664 84712 92256 83267 86640 85804 64319 44182 62776 95245 95457 97814 100000 100000 100000 77383 41037 25034 17699 23605 43387 56684 64192 68393 76808 80213 48451 27469 46849 79050 92229 76560 63414 48262 34755 25782 29318 59361 68076 44611 40760
96578 90691 67657 69374 96047 100000 100000 100000 88363 47164 40796 61148 72682 53689 30540 27855 23206 33618 56056 72441 68640 62498 74145 76190 64228 65284 78713 84358 93176 100000 100000 70654 39014 49844 58916 56822 56977 64556 75588 81407 81837 74324 66782 75465 88481 81266 71006 83689 90529 59214 42094 65044 96186 93943 64529 46750 60582 91611 95966 84482 76947 88333 100000 100000 100000 85815 65943 78879 94524 79770 81411 100000 100000 97702 74483 50788 28683 17451 35162 49524 38247 42388 61465 61508 41676 18200 30322 59355 76806 69583 64207 78499 86359 61516 30726 20659 44507 57716 35755 33153
76553 66134 46083 54037 81615 100000 100000 83553 51081 20752 36526 67633 89286 82912 64814 61154 42897 38457 61082 78970 64915 55593 77442 81113 59637 61533 84016 76219 61477 78137 88778 62922 51215 75101 90633 77118 63795 64725 70074 75353 76184 62696 49154 64743 88805 79500 57133 68984 84643 66432 56021 79549 100000 100000 71881 45786 43634 67590 76528 64878 49450 62561 91096 100000 100000 80235 61071 74271 84994 63879 59876 84504 86179 62972 66860 79294 63116 48956 67879 76620 53892 54082 75527 69887 39168 16770 40961 73748 82948 62309 58820 86079 100000 100000 65736 48647 65790 77560 55532 39817
50336 43063 38779 58725 85498 100000 92631 56307 30654 22493 58624 93614 100000 100000 85265 83682 70777 70392 92467 100000 76173 53238 71742 75187 55034 56813 76704 59534 33838 46353 64054 64310 71360 95359 100000 97136 84538 81356 65689 51604 50559 38228 22456 34387 57595 58313 51574 68741 85058 67025 53575 73493 100000 100000 100000 76483 54587 52928 55558 43029 24997 36402 64733 94664 85213 53743 39399 61739 81201 64405 55104 62320 54238 34360 59558 100000 94827 83094 99314 100000 79937 77822 98093 95039 65936 32843 41017 68487 78918 64552 64557 90708 100000 100000 86787 70780 87814 100000 82593 57974
44461 34667 49728 82368 99414 95257 64587 45035 41649 43103 69063 99455 100000 85838 67060 77960 90608 100000 100000 100000 77861 42329 49525 51461 40139 41139 51636 36481 15443 20771 35059 48904 62921 77285 85459 78283 71206 66174 45880 36729 46881 44770 22108 14868 27057 31724 43524 68739 89928 77647 49634 46596 67479 100000 100000 100000 95578 73732 68836 53102 25887 30982 57523 72701 58290 44703 46064 57958 69027 69672 65227 47702 25927 15407 47446 100000 100000 100000 100000 100000 85069 69160 82239 95624 88443 57641 38454 47724 61539 74262 87618 100000 100000 94232 72474 62287 73457 92781 95027 87679
63129 44250 57495 86107 91471 71348 48990 57850 74924 66207 59725 80764 87142 57228 45591 69053 93498 99534 98184 94547 70744 49969 49131 49463 47520 47692 49377 45831 41087 41709 44907 49634 53766 56383 57786 56554 55340 50422 36468 43783 67913 81358 62707 41928 41246 33362 42130 68739 97849 100000 67578 40740 25757 51444 91483 100000 100000 92411 84648 69392 43547 49583 74773 74285 54609 60010 75785 65744 57736 75393 86766 66586 43504 39672 43856 70441 98485 100000 100000 96605 65613 35055 40497 71338 90665 82023 54642 48844 57651 76655 89749 92119 82936 64612 55562 49131 43711 60082 83444 100000
70056 45589 45467 63050 65189 49480 42561 63443 84398 71098 55282 73845 83785 64934 62587 87905 98318 78945 66058 66866 70361 73455 73906 73908 73895 73896 73917 73954 73970 73957 73935 73910 73902 73901 73890 73886 73898 67554 46971 49732 75302 97015 91403 75167 71279 51043 45962 68684 100000 100000 95050 64070 28000 25449 57885 84726 92025 73722 65966 54970 41360 55797 81287 77555 56801 66130 84609 68739 55586 76653 97501 90503 74841 70509 48515 43156 66075 100000 100000 89281 58524 24963 28877 63360 90052 97436 80434 73950 72477 68653 66191 66229 68867 72691 74012 65762 45776 51700 77946 95876
82640 59781 46511 46173 42014 35424 44792 65757 77284 60199 45267 60552 72809 71744 83454 100000 100000 59753 43787 50984 65183 78335 84496 85178 81189 81542 87659 97644 100000 95505 89307 83936 83025 82887 79660 78274 82151 82086 65389 59138 73420 96896 100000 100000 100000 66597 42945 56332 89587 100000 100000 85566 38225 14220 36274 63052 68916 44754 31095 21738 22315 44909 66612 63568 46638 54248 69189 58290 53804 76745 100000 100000 100000 100000 59243 22264 31677 64333 91885 75305 46195 19620 35885 75883 100000 100000 100000 94986 83755 62641 47254 43195 62084 95672 100000 99432 70799 60424 74775 74627
97281 89561 79795 62149 43919 43770 64805 72005 59803 40316 35722 43999 47262 53288 76364 100000 89135 51651 48679 61438 55402 52191 67321 69790 55346 56622 77908 100000 100000 88693 69022 58315 61430 61494 49807 44792 58827 78790 91340 80389 68358 79861 100000 100000 100000 63618 38533 42301 64692 100000 100000 79494 35337 17392 42379 70574 79963 48609 21311 5645 13102 36237 46473 45238 38366 41455 45416 39557 50330 76767 100000 100000 100000 100000 71664 27598 23149 43399 68976 59386 31851 13404 44038 90452 100000 100000 100000 86905 73554 68496 58633 42522 55911 98186 100000 100000 99843 78852 66810 38844
82898 89986 100000 85037 59032 59163 80842 76072 50109 38819 51247 57126 47615 39884 58466 83635 77493 55783 65852 81768 60797 45366 66047 69669 48481 50351 80311 100000 100000 70277 45485 42599 56580 57499 40354 32997 53586 85704 100000 94857 65041 61145 88896 94562 68538 47222 50341 57076 67975 92297 88519 61748 26895 26662 60220 90794 100000 86498 52848 30765 35940 54804 57310 57241 56858 57030 51742 38764 49653 76681 99854 98004 85228 83323 72383 58889 55499 65862 83639 73471 45942 19510 36029 76139 100000 100000 100000 67686 58169 77060 79488 54833 47466 70522 84484 90535 100000 88655 61844 25042
55859 66336 89234 85039 60963 61940 83584 78231 53810 53479 76871 83980 68187 46198 55604 79659 73921 54037 65337 84636 75786 69999 91258 94895 75096 77877 100000 100000 100000 66613 45750 55231 78769 81187 64942 57478 77112 100000 100000 94836 62863 52908 67371 65918 42251 42191 72225 86238 92207 100000 86197 58128 24885 26719 60118 91047 100000 100000 83641 62116 66049 82592 83827 83268 82769 82164 73857 50795 52020 76277 91677 75183 54771 54804 64666 77756 82073 92166 100000 99719 73006 33764 24574 51622 82543 100000 94481 64042 55861 77542 81241 55480 38527 48389 57915 66654 89378 86979 62087 33356
42819 40743 58963 72624 67746 79383 98843 94638 80144 85869 99790 95712 71070 40700 41457 56523 46474 31740 46869 74585 91846 93588 99300 99857 99654 100000 100000 100000 78042 48597 33868 43021 68749 80448 80903 73872 75178 84438 86436 66604 46075 35170 40774 45512 41597 70963 100000 100000 100000 96777 68794 40079 17495 26019 46810 60059 94766 100000 100000 100000 100000 100000 92767 87652 85082 78013 66368 57082 62903 71802 67025 40994 23001 23252 36329 60986 76680 90739 100000 100000 93519 74370 58891 61489 71567 79905 66544 46929 49358 77919 81427 55613 40459 52916 63337 66325 74585 75020 67778 69301
58398 33542 28961 55948 77355 98339 100000 96398 95409 100000 99642 78270 51224 36092 41984 45069 28775 21502 42179 76224 100000 96446 76381 67193 84520 100000 100000 88556 57373 44560 33553 25937 42876 66974 91625 85220 59971 42700 38067 45101 43836 34069 32894 50251 72309 100000 100000 100000 88808 78454 62023 35997 28856 47072 49598 32796 39617 80358 100000 100000 100000 95280 71664 66868 71978 59583 44240 60313 77857 65468 43989 31900 32963 31415 23983 33394 56462 73304 72116 72324 89243 100000 100000 88075 68717 52127 47274 44189 57898 85733 82096 56112 47679 69831 83594 76953 58718 58375 75767 100000
69983 36401 21038 50399 80449 97981 86695 72843 77675 95765 91786 66057 43778 48660 65833 65323 46863 42178 64780 97865 100000 92951 62144 43774 55258 71998 72385 70399 68010 67387 56745 40390 52136 80346 100000 100000 72743 46752 42430 61391 67262 54231 41892 58321 88012 100000 100000 73888 57489 73093 81383 58809 57025 78603 74792 44484 20020 42011 75342 100000 100000 86170 58619 61533 81033 71223 52970 69985 84230 63352 42818 50495 66532 64178 45119 43502 67496 82050 64367 56664 81459 100000 100000 79279 52519 44619 61048 67451 80581 96422 82767 55841 43753 60632 72577 64483 45117 51607 78401 100000
77779 46672 31116 58500 87983 98600 75020 55649 59962 77953 78674 59107 48703 69730 91936 89319 73335 71241 90356 100000 100000 100000 69718 41899 36056 46220 51462 70393 92513 100000 91994 71329 73283 95012 100000 100000 96646 75423 70033 85530 92841 79720 57194 61213 83534 99873 78783 48574 41381 76105 100000 85809 89756 100000 100000 74058 25612 18239 42234 76642 97016 76112 52762 68023 100000 100000 85028 88059 86927 63442 49957 71234 92415 87214 64241 60778 84737 98988 76809 60687 79090 100000 96722 62036 37561 45005 80081 92892 100000 100000 83384 54815 29928 30637 39522 37447 31263 44827 69596 93339
96025 75599 59269 78153 100000 100000 92268 72614 69911 56412 44384 44428 62673 94197 100000 86143 80810 89839 93961 99501 100000 100000 87697 48375 27844 41000 57294 79509 100000 100000 100000 100000 72196 66762 71158 84476 93146 92432 82440 82986 96606 100000 90245 72140 67482 56200 46320 46163 53352 73201 90157 95431 100000 100000 100000 93403 38082 12699 21492 40862 57063 50658 40288 65733 100000 100000 100000 100000 90524 63557 56818 84298 98299 80424 46240 41958 67775 92961 93895 74654 69886 85723 96905 78750 51108 43586 73184 95981 100000 100000 84110 53397 13785 3105 18871 31574 34612 36752 47416 48705
88613 77638 60623 71986 98995 100000 99804 84389 77306 46885 35194 54969 90473 100000 87652 62960 67052 85922 76777 63794 87203 100000 80243 41261 29354 56459 79825 80498 76126 94364 100000 100000 72984 44620 20745 35328 69706 87109 73045 60361 79592 100000 100000 81530 53909 25280 34939 64403 79488 67583 61843 83409 100000 100000 100000 71546 44898 42695 47064 49719 52462 52177 51538 64826 86167 93277 96715 100000 90821 63604 58318 81284 83328 54952 19448 25376 55951 90383 100000 87131 61709 67624 94589 90364 58758 30944 48241 78353 100000 100000 84382 53223 15156 15419 44520 68173 70271 54285 51439 37764
62114 52465 35624 46111 72895 89485 76610 61978 57451 44806 54584 81472 100000 100000 84122 57658 63382 83873 72986 54919 67928 76270 53487 21151 23811 59815 83077 70172 49022 63859 99795 100000 95097 64942 29817 32233 65077 85031 70475 55904 75814 100000 100000 82433 51653 21268 34531 68338 84138 66486 56367 79689 100000 100000 69862 44058 42966 68111 77492 77608 77713 77823 77653 72848 65177 62139 69665 91729 89054 63604 58007 79362 79382 50724 24415 43450 77975 100000 100000 89639 60398 58333 75712 68313 37790 16157 41064 74107 100000 100000 84674 54417 25872 40604 75776 100000 100000 81830 77105 62153
43115 32079 26866 45021 66618 74747 51980 29261 22213 28295 58366 84176 100000 91979 62603 49366 67034 93608 87673 68587 55409 41342 21151 0 7480 44525 70136 70845 55073 59522 82610 100000 100000 89499 60749 54811 80450 100000 91774 76144 89811 100000 100000 67254 36967 11089 25111 53331 69256 67138 63148 74743 81162 59508 31778 19758 32593 66234 81827 87114 89697 93579 99436 90452 62320 44100 47221 76895 86564 63484 50949 66321 74431 59372 44884 64523 96974 100000 100000 82511 64805 57406 55198 46375 29516 18437 42633 74088 100000 100000 93569 78011 70822 89352 100000 100000 100000 80647 83043 87351
53319 36755 46109 72718 83283 85122 61739 31250 12583 16851 45838 60593 57334 40719 37546 51437 80379 100000 97783 85875 58749 33906 23811 7480 7002 33512 64044 96193 95618 79777 64699 61479 78070 91128 84091 75221 91926 100000 100000 97663 98551 100000 91787 55591 26865 10252 25834 42569 56371 77019 78012 65056 37678 16769 22544 33596 36086 43333 61562 74119 72165 77186 96808 100000 87626 56224 45865 69744 84680 63239 36441 39513 64252 75248 67079 65091 86769 100000 86202 66011 74364 69676 51371 50418 58459 48877 50247 74036 94829 94826 92130 100000 100000 100000 100000 91717 53549 46832 65896 100000
69390 46749 52596 74917 79279 91052 90835 66829 40785 35319 54411 61461 49079 34298 48177 75286 94304 87700 79150 77065 68774 61416 59815 44525 33512 51753 83052 100000 100000 77175 42516 25862 53253 81059 81479 64639 74017 99739 100000 84986 79260 89260 93914 72767 45511 33740 50138 60870 70726 92358 86884 60231 24150 20688 52232 74280 62868 46759 64155 76508 60715 58450 85102 100000 100000 73285 54917 71093 84401 63111 28858 25500 58932 83132 74346 56070 70699 84952 65994 56983 79470 79178 57729 63241 83603 70401 55185 73994 84945 68731 67885 95240 100000 100000 82230 47849 20447 39710 69905 100000
73809 48576 41083 50985 53113 78342 100000 97229 73067 64623 78237 83726 71729 57772 71483 96505 98169 66688 48744 52356 72234 89674 90647 74969 63252 79319 100000 100000 83145 47311 18246 16916 55326 84168 78726 49663 51641 74936 78127 59111 52330 70637 99286 94383 69384 60489 78089 87646 92329 100000 86513 61151 33116 40645 75932 97067 84801 68767 86458 95053 68147 58305 84609 100000 100000 77548 59498 73777 86627 67550 35644 31864 63167 86519 77563 57959 70081 81993 62286 53547 75347 75228 54792 60247 80464 70839 59146 77595 81701 50793 41483 68445 96891 83584 50900 25224 25908 67355 99205 100000
93015 76819 62145 50683 40018 56254 100000 100000 100000 93803 76534 73363 66151 57760 66003 81105 78998 46769 21705 24576 75900 100000 100000 100000 91404 94972 97624 81089 44043 19798 6665 26418 74069 100000 100000 81749 66000 70414 69410 55038 41440 46325 71922 79142 66419 75793 97425 96948 84633 75293 72172 68318 57338 54887 68855 79580 64535 55449 76076 86408 64480 58058 84350 100000 100000 95272 81648 82797 92907 91901 80679 74829 86962 100000 95788 75032 70013 64856 44096 38919 52489 52418 40131 43411 58349 69560 80505 95244 85889 43776 32570 57551 65568 39586 20959 23141 56685 100000 100000 100000
93194 94643 95141 76697 51859 35356 59546 96527 100000 99333 64899 55461 53982 52261 53952 58536 70634 64638 40451 31827 75208 100000 95104 84496 90792 85256 63760 43864 39003 37983 32855 42896 75945 100000 100000 100000 88656 72263 75885 76713 56665 38610 44040 55853 56676 79993 95674 79773 50444 33193 53678 76869 84911 67801 54913 53139 34763 34005 58151 71483 58148 57631 83610 100000 100000 93688 85354 70769 77594 98246 100000 100000 92642 96686 100000 92475 69931 47385 35992 43369 47934 47919 45400 46073 51617 69068 87335 93590 77587 46838 49284 73380 64490 34247 36234 61092 88313 99555 100000 91246
68650 78470 96209 86399 58673 24673 27703 61857 88489 95468 77974 71347 71348 71348 71347 73416 91878 96560 73957 56420 72178 82938 61175 57809 80061 78502 52476 44167 62531 71349 60303 42661 53462 81594 100000 100000 73990 54157 69367 84488 64701 44059 52307 70131 73911 92264 94795 71260 38027 20599 48718 79213 97463 86664 71734 66823 47590 48980 74030 84706 63759 58012 82958 96830 81470 68705 61722 43077 49054 75292 95251 86283 69518 71901 91466 93724 69910 46182 48646 68182 71347 71348 71348 71347 71166 70060 68890 68590 56190 42269 57160 82153 77061 57488 68847 93551 93523 73223 68662 69313
45361 61873 90176 85985 58469 17614 5319 28996 53919 76203 82170 84587 87854 86931 84234 85753 100000 100000 86212 66368 60824 56744 40338 48497 82684 87733 66842 68709 95024 100000 90443 55689 46811 65436 93817 91732 61306 42422 64635 90243 76150 61333 77777 100000 100000 100000 94055 70883 45042 25327 42320 67352 88940 91321 84222 80070 65046 71174 97319 100000 82942 71061 91217 95641 71214 56063 48108 24832 26464 52032 74350 70606 56769 58784 77249 84888 69937 53619 58860 78834 85705 90741 90162 84997 79236 65398 51003 44710 33369 31672 56502 83618 95324 93362 100000 100000 84908 48980 46842 63844
48633 76031 100000 87602 58759 22233 7708 19033 28617 36391 49689 66819 80390 76557 65353 65136 72104 73870 65340 52353 40383 43256 50932 72951 98556 100000 91371 96164 100000 100000 100000 98395 80689 73998 87644 98495 80827 58940 70807 97127 94957 82955 87779 100000 100000 100000 77750 69693 69205 50128 38547 46610 58890 65080 64412 61355 52805 66220 94060 100000 100000 93607 100000 100000 84310 75676 66259 35859 30811 55348 81293 85585 76249 74642 67905 64884 70022 69083 55381 55136 71465 92380 89977 68523 54311 56190 59167 46066 23842 23515 55817 85928 100000 100000 100000 100000 57899 39844 54052 85689
67436 100000 100000 89412 59369 37115 40663 51770 48020 31724 36152 61128 82262 76292 58845 57354 57916 58058 57370 50355 37705 49254 74933 97511 97053 86002 84856 85563 87271 87838 97064 100000 97207 72933 75763 96109 87805 62432 59773 79695 84987 71726 60011 76487 99726 87129 59809 68818 89756 81983 58434 55025 56233 57145 57292 53628 40435 48624 75265 99589 100000 86578 85619 85250 83561 82711 74391 49100 48843 74119 97463 95992 83427 79215 56662 49230 70084 81422 57235 44817 68364 100000 97192 63782 43974 61102 80754 63453 30199 22929 55611 86636 100000 100000 90215 56982 29103 46425 75596 100000
68772 100000 100000 88150 58595 45018 63042 80131 75666 57126 59642 84335 100000 99160 81867 80744 81737 82696 82942 74037 50527 52626 77615 93198 77066 57863 56927 57737 59102 59513 70155 86522 74783 48971 50005 70375 63229 38294 34614 53578 59379 45512 30892 45622 70068 67922 55296 69985 95126 98826 83529 80616 80958 81261 81607 76917 53685 49565 72622 92748 82700 60738 58126 58312 59111 59509 53520 39167 48842 75298 92856 79036 59384 55309 40369 44415 70089 86167 73524 69425 94204 100000 100000 89544 67911 76058 85917 65894 31855 23939 55967 85581 100000 95229 59559 28273 14128 45222 77158 100000
51305 81917 92005 65827 44097 34828 54170 76345 82682 77183 72504 80100 84534 77657 75231 83881 100000 100000 100000 100000 80774 65455 72934 73907 50890 27364 20314 31801 54322 61395 72038 88404 76665 49886 35452 42872 44589 36269 42523 57655 61251 44303 16640 16477 34813 52373 69386 87824 100000 90591 76258 81387 86770 89300 94932 99808 83923 66650 71031 78676 68560 48471 39038 40483 54077 61367 55688 38416 38428 55948 72309 65748 46576 35447 23185 39530 70089 93470 100000 100000 100000 100000 100000 100000 100000 100000 90874 65929 39358 40046 63532 75751 78212 53396 25758 3487 0 28202 59523 88818
43809 69716 71452 50301 41123 28073 30229 52120 76219 92288 75708 55031 32043 24031 46192 69968 97678 100000 100000 100000 100000 83281 65460 56841 52386 37365 18616 31496 69511 82573 93216 100000 97843 69761 36064 32508 53192 70707 84345 84116 82472 69102 40763 28546 34817 56336 83529 95933 89354 57493 46016 64449 72638 68323 77603 100000 100000 90847 68407 62013 70699 66702 46524 43343 67743 82515 77642 56990 42380 45389 63773 78088 64678 40534 18297 36664 70089 97377 100000 100000 100000 100000 100000 100000 100000 100000 93647 65987 51765 66683 76042 60993 43841 35015 30699 19216 6845 23620 51654 67754
64786 88750 87038 67963 63888 47110 38320 58364 89776 100000 93257 60907 26599 18118 50430 79285 95754 85190 75353 82543 98360 88862 62515 57577 76494 73196 47582 42736 65213 75091 85733 100000 90361 62077 27531 31193 64557 90889 97401 80675 75074 72942 67832 64788 65004 68668 73625 75211 65308 42919 47898 73516 76640 57653 62706 93289 100000 100000 67325 56448 76656 81888 57008 44366 61577 75033 74143 69634 65436 65057 80681 95647 80153 50177 20958 36518 70089 94703 95327 78230 75353 75397 75392 75347 80248 97198 91947 66012 56888 77679 81207 55686 41025 54073 64650 56804 38644 46231 72367 77225
90661 100000 100000 87985 83712 66900 58021 78045 100000 100000 100000 87270 57144 47050 72475 95824 97174 70045 55419 64715 90749 92069 69202 67845 91947 92387 67317 49584 52657 55296 61548 72747 62209 38525 13581 25342 59007 82318 82690 61596 55459 63667 81949 91089 88387 74563 56580 49437 45094 50408 78096 100000 97870 64033 62677 92501 100000 96591 67740 60363 79917 82340 56515 33837 35610 43239 48125 70205 89080 90332 98894 100000 85667 57877 30887 45199 76144 93839 78376 51933 50231 52855 52553 49861 53652 77828 85750 66644 60951 80803 81486 56450 51800 77683 90839 82288 66828 74670 96877 92509
94980 100000 100000 74068 69073 52261 43382 63406 91276 100000 99562 94972 90421 78318 70446 69938 69942 70006 70039 76514 96761 100000 91175 83333 81774 74376 63092 68337 77323 69362 53931 43715 44471 44426 35721 31938 42378 57251 70000 71099 70139 81986 100000 100000 87050 73253 59472 45650 37907 63419 100000 100000 100000 63062 62611 88677 95954 77679 70022 81712 97224 84062 56077 26098 16605 19974 30285 72258 99871 91777 89022 99771 99746 85173 70559 78309 95064 95423 62691 40249 50739 67564 65631 48372 36805 44126 64325 70066 82753 97318 82817 57445 62044 91931 96223 83733 83172 92795 94435 73025
76005 97213 85905 59348 54521 37709 28830 48854 72008 70116 62811 79386 100000 100000 68048 44160 42783 69930 84572 85815 89904 91700 89863 81153 65502 56302 58927 87060 100000 83343 49771 29218 49345 73600 81119 61850 49124 53749 68958 82335 84700 95468 100000 86853 63869 66311 78715 65155 45734 59503 90270 96504 74887 50791 62345 84860 75909 58806 72300 100000 100000 85780 56517 33877 35709 43359 52755 84150 91944 69934 55872 72278 90455 89071 86808 88008 90603 79924 51656 50126 74532 100000 100000 70172 41715 22666 45020 73481 100000 100000 84146 57865 63969 86709 78314 61889 76197 87596 68819 36007
70130 94725 95372 78234 74430 57641 48745 68749 89381 73984 55925 74147 100000 100000 89673 60938 44360 54747 64547 64624 64742 64819 64874 67413 72634 75362 78742 93866 89152 63344 30203 19576 51896 81644 98797 87732 75296 74315 69825 65377 64704 79318 95500 81411 57143 64384 84013 71258 46112 43951 61152 64120 49381 41807 62060 84011 72128 55323 72717 100000 100000 86056 57153 44577 61864 75373 81877 98077 89809 63222 42173 48655 64011 64827 64805 64747 64696 55652 40996 53297 81291 100000 100000 76816 45123 20158 41728 74107 100000 100000 84500 58021 63486 83609 72498 55423 72493 84226 61750 27494
83688 100000 100000 94894 97460 84080 72634 89713 100000 91400 70144 87686 100000 100000 100000 85828 52485 29078 29561 37511 49982 56857 57700 70255 96064 100000 100000 100000 74745 42429 12549 8718 41211 66251 89959 93397 83659 74216 51168 32921 30233 46339 69975 65210 47117 61438 84141 71258 41864 26569 37650 45249 39311 35085 50132 67430 59428 52365 72710 100000 100000 80355 62735 63113 89893 100000 100000 100000 76485 51028 35400 43107 56769 57593 56490 50469 43763 30859 20000 38832 67824 100000 100000 88996 61770 32417 44318 74103 100000 100000 95214 73276 69371 77978 71481 64369 84281 95072 77032 49581
97299 96835 80422 78538 94962 89793 72208 82241 100000 93893 81848 100000 100000 100000 85427 91077 61972 21814 22281 45265 70502 78726 78834 87755 100000 100000 100000 100000 82150 50019 22158 16298 35703 47412 69799 79875 64953 44111 25370 22792 24136 32083 45366 46023 41423 66169 87281 71259 38502 18021 36336 57493 62689 47372 40610 45462 39275 47197 72692 90759 80004 66624 74730 82155 94527 100000 100000 100000 57127 40753 42587 63006 78055 79830 83073 71530 51308 23881 4054 24495 54046 91120 100000 99383 84103 51987 48857 74083 100000 100000 100000 91444 71288 61270 69029 83924 100000 100000 94884 88406
81630 71059 49310 55415 80600 80372 59092 64884 86316 77302 66020 85527 93162 67712 60450 82576 72411 45916 54611 81701 93341 83545 80438 81014 82198 82816 85987 99857 93641 67447 42450 40570 55914 59756 77553 85346 64714 39004 33727 51429 57170 57599 58371 58511 61120 83834 92721 71259 38003 20268 47812 77798 92539 75962 58694 54756 40221 46540 72681 83899 64022 58360 81259 81407 67335 79061 100000 94332 65360 58337 62954 73907 80202 83132 97701 93912 68708 34018 13913 39315 69130 92551 91437 81891 75286 51291 49463 74055 98125 97706 83169 79105 57084 47274 67550 93194 99785 85547 81875 93764
54648 46957 38772 55877 81847 81650 59859 64090 82683 65006 44632 60915 71608 58625 60922 85171 85965 73346 85518 100000 91265 58821 51826 52484 55360 57195 61654 85708 91696 68650 47601 57406 80271 83650 100000 100000 92994 67539 61668 79096 85515 86270 86885 87595 90473 100000 97592 71260 37718 19103 46239 76766 100000 99445 88498 82125 57186 52262 75198 84966 63566 57976 81061 72512 44315 50840 78827 94366 87919 85482 79870 65795 57547 60940 85028 93737 72513 41949 33654 66494 94929 100000 77172 57534 52799 38407 45677 71311 89534 76033 53850 50386 37852 41861 67477 90845 84569 58034 52300 71401
43003 34389 46926 78169 97472 97925 77454 68618 73119 67626 61379 65345 63007 59951 78415 100000 100000 100000 100000 100000 80788 35113 18778 21836 46794 63909 68498 89822 92539 68651 50230 62340 78627 72489 90076 100000 100000 100000 82695 87117 98986 100000 100000 100000 100000 100000 100000 71261 35487 8284 28283 58501 100000 100000 100000 100000 81612 77384 93078 91846 63088 57715 80842 68640 34807 39202 66887 86072 91213 99427 99773 80383 65071 67455 89155 100000 91368 74921 74526 90891 99209 94218 75176 64564 60075 41685 36649 51072 59566 42600 23045 20668 18241 36830 67472 90385 76840 35698 19194 39040
59423 42285 57564 88123 96525 100000 96336 74702 60799 75864 93063 81187 55238 50045 80375 100000 100000 100000 100000 88741 72001 51449 28331 23936 56833 83169 87173 100000 94841 68651 52321 62898 66845 46876 50725 87498 100000 95017 67840 64052 85013 96263 90227 95959 100000 100000 100000 71262 35111 6462 25259 55556 100000 100000 100000 87997 74729 85785 94973 82561 54540 56828 81151 74099 48213 55612 77049 73137 67696 86240 100000 98047 84722 84902 91600 96753 94581 95961 100000 92142 73226 62425 73000 83847 80637 61955 45651 46000 47272 41216 35253 33590 26769 39018 67474 95475 96449 56973 28617 36336
69998 46214 48536 68056 72134 88598 96858 76556 55662 69457 85815 67244 32863 24380 56758 87470 100000 100000 73888 56353 72188 83017 60863 42468 53913 70631 75009 93736 93342 68652 55816 74860 81488 57061 42220 57133 71134 65102 45611 49503 75175 82789 62204 60817 89175 100000 100000 71262 37877 19874 47518 78590 100000 100000 79441 52577 45266 63542 71241 59379 43255 55970 81350 77615 56848 66182 84671 68781 55595 76647 96884 88531 72112 71258 71259 71260 71260 80796 97275 86421 59502 43117 56382 71024 71089 70055 68963 68739 68739 68738 68737 66666 48595 44617 67479 100000 100000 91774 61187 57928
70000 49771 42318 47180 46424 63682 83357 74912 59274 68007 73086 51478 20079 15066 44034 67424 85690 69017 40033 33486 74943 100000 95627 64006 38969 36910 45371 78818 95415 77538 69874 98175 100000 91022 63056 49052 47333 41495 36346 51776 73926 76595 53329 47720 69895 100000 100000 79688 56052 49381 76341 100000 100000 90458 53199 33033 29735 43516 46419 35905 29752 48294 71413 71459 60882 74894 92605 72915 56166 76574 91597 74017 55260 57480 57764 51873 46742 56757 86897 91590 69223 48019 47761 55333 58642 76399 92426 92761 88567 85079 84492 82558 63634 53190 68079 95585 100000 100000 77843 73028
70000 76063 74966 57837 41137 35304 52474 68823 78413 99868 95729 69522 49607 57954 73798 69768 47579 23886 20215 33040 74563 100000 100000 90299 33601 16111 35872 77940 100000 95864 93928 100000 100000 100000 96170 70975 50074 37860 47920 67853 69231 68834 73701 74984 71497 74934 87760 96247 100000 100000 96306 91176 74213 51811 46006 52430 64579 61047 45475 26977 21461 36497 48446 53080 66356 92561 100000 81307 57329 76508 88909 74462 68362 83789 90967 69770 46984 44002 75304 99755 91733 78243 72353 73431 77824 96822 100000 90621 73223 64005 66101 66927 70844 73191 70376 69608 75625 73941 63570 71722
70000 100000 100000 84935 55522 25261 31041 63812 94004 100000 100000 79843 69470 88919 93857 68188 28011 21126 46342 66432 70014 76072 97864 90318 49250 40860 67487 91536 92288 87453 87434 90119 91751 91561 100000 95669 71236 52323 67004 82677 65323 61432 87392 93029 67569 41222 55026 86369 100000 100000 93715 64786 31954 29469 58833 87512 100000 94579 63657 39306 36560 50221 52110 45728 55944 83630 100000 77080 56743 76441 85627 71489 74620 100000 100000 100000 66149 46647 59090 84501 86992 85175 83911 83749 88130 100000 95144 69892 45906 43383 55064 58496 79842 90582 72285 48512 42138 53843 56361 74163
70626 100000 100000 88914 58138 24801 28715 63206 94221 100000 89736 56946 48149 69166 72725 45683 20522 40303 77239 92183 66561 47190 67685 76164 64484 71312 96287 97643 71180 60157 60164 60595 60861 62067 82209 94547 75790 56127 70665 85116 65475 56047 71994 70665 42339 12169 25600 59530 93871 100000 91331 60852 26740 27459 61245 92493 100000 100000 67946 47066 56034 77077 77161 53506 38719 56987 76109 64587 55637 76951 80303 54245 51551 80647 100000 100000 70536 45454 42530 57579 60094 59979 60066 60165 66048 88963 90307 66014 46484 57518 78190 81595 96733 96718 72521 48546 51758 74865 80203 93140
86748 100000 100000 69766 44871 20336 28913 63227 90322 94093 62308 41101 46545 72186 71478 45841 42061 81410 100000 100000 57647 19458 32132 59907 90243 100000 100000 94912 46670 25786 24939 38069 45755 41294 62932 93476 90487 76024 86777 97466 82865 65173 51150 34629 12783 0 8036 41630 77746 100000 100000 79294 45642 30144 47378 72189 100000 100000 84772 73032 85629 99097 91876 62618 37439 41093 51922 58606 71909 91394 89537 55554 39102 54687 89494 100000 86682 63557 41234 30476 23353 18911 22268 26082 31572 58538 76167 68144 69435 97491 100000 100000 100000 99354 72522 52108 70517 100000 100000 100000
96866 100000 93435 52321 39985 26520 33876 63319 85924 75529 51536 56466 85229 100000 94451 68904 75719 100000 100000 90250 47250 25409 29982 62831 100000 100000 100000 80046 50588 26468 20913 48492 63165 46369 51343 84276 97980 93327 96876 100000 95517 79667 50926 30962 21996 9702 23199 53094 84756 100000 100000 94112 71972 45853 41376 51790 79480 98636 96224 97706 100000 96068 76061 64705 63825 56325 45410 57976 86652 98491 100000 84763 60303 48257 63142 92112 96845 89085 70173 41741 19524 6846 16429 27314 27615 35184 55144 72157 100000 100000 100000 100000 97370 93456 72515 51968 69776 100000 100000 100000
77797 99713 90802 66021 61348 46619 41620 63425 84440 71162 55155 73592 100000 100000 91749 65335 70859 91456 80760 54221 45566 58207 62317 81498 100000 87124 63778 67928 78242 60468 49044 72285 82025 58061 45033 62687 77685 77735 77797 77859 77753 74480 66763 62072 59384 43226 43807 68347 93862 97391 81258 77648 73471 65801 62233 63180 69462 76322 77802 88070 99994 84558 59068 62463 82736 73391 48904 49661 72031 78050 90686 99016 79942 53550 46504 67324 77797 85213 94773 78700 51341 34679 47273 61580 57110 41485 47972 74078 100000 100000 92363 65929 68808 85043 72506 48374 50852 73313 77773 62444
55839 83417 99149 94763 92186 71160 53610 68387 87531 71297 52446 69252 98376 98697 64532 40612 44969 61042 49239 29068 43491 76806 84800 90506 81635 55167 36526 61029 93970 82889 69511 83487 86808 63208 42987 46778 55746 55839 55839 55839 55890 63467 81716 92699 89890 62987 48856 68740 90988 81115 52613 46596 57327 79162 88924 85778 71668 55983 51182 63374 86369 81913 59930 63242 81666 73385 49527 40005 49043 51211 67080 87846 78943 54795 39998 46638 51310 63530 95021 98202 74281 60051 75931 92604 87164 56971 46851 69572 100000 99764 61519 35242 48483 79809 72501 46034 38528 52193 55400 38946
67763 87815 100000 100000 100000 100000 84988 90233 98506 71787 42478 48414 61156 58104 46163 43206 44218 36900 21679 9834 24067 58473 75610 73220 44111 21746 23073 52516 78006 71498 67793 88729 100000 86976 70762 65572 67729 67763 67763 67763 67835 78376 100000 100000 100000 79471 52805 68740 91294 76315 34221 16890 35670 82704 99019 86661 71485 55972 42791 38066 54178 69811 68910 69268 71262 70366 68694 65542 54070 41095 39227 57244 70349 68854 67006 57324 43964 42267 65588 78742 66547 62946 89222 100000 100000 71758 34391 50332 79903 75627 35106 9351 31397 75426 72497 47282 45103 63461 67237 46154
84652 89170 96166 99823 99919 96058 91357 91715 90881 71211 50149 48001 42944 37776 51930 73187 78049 55441 40198 32229 22610 37327 62033 63222 37428 33319 54998 69849 62799 55210 59458 78977 92549 91057 87177 84817 84649 84652 84652 84652 84673 87802 95340 99876 96555 67258 49880 68740 97510 99389 60779 32475 40653 78621 84200 64141 68734 77015 59847 31649 27309 56821 79016 76050 59553 66968 92676 100000 84492 56145 28439 30349 60933 85699 100000 92353 62201 40816 40993 54497 53907 49479 64848 94152 100000 73494 36936 51733 84693 89274 54442 28534 44056 78674 72500 49051 54415 79419 84132 63383
67300 67293 67285 67282 67282 67290 67301 67301 67655 69858 72199 72622 59539 43594 57134 84185 98125 83851 72716 64914 46659 54067 80162 83866 62302 64211 90299 99103 81344 72681 71877 69342 67482 67318 67318 67318 67318 67315 67300 67284 67282 67289 67307 67318 64801 46918 45015 68740 100000 100000 93832 64083 61608 81865 77413 55846 67777 84667 67300 33095 22337 53887 81332 77604 56846 66184 98531 100000 94784 63108 28660 25134 58793 89724 100000 100000 69928 46385 49479 69503 71755 53393 41945 60848 82102 70952 57569 76824 100000 100000 87089 60513 65157 84093 72522 47255 44850 63005 66878 52169
44748 39181 34047 32993 33342 39383 46598 45816 44910 63023 82543 82857 64078 40690 47789 71342 97494 100000 95696 82505 58839 64869 91300 100000 99422 100000 100000 100000 92084 83581 79510 66669 57244 56418 56418 56418 56418 54594 44728 34882 33110 37842 49240 56100 55108 47319 51624 69161 94332 100000 100000 76239 68546 78134 74916 61999 77767 93960 79399 45068 22341 43130 69899 69826 54707 66177 98531 100000 94784 63108 28660 25134 58793 89639 100000 100000 81595 65081 78362 100000 100000 71267 31969 38436 64247 79575 90309 100000 100000 100000 100000 82093 76934 89120 83333 60318 34778 29704 34180 30638
49529 30414 18898 21333 23182 41570 60659 53698 41113 55330 71533 60688 38374 27272 37595 50295 82597 100000 92156 65364 34162 43288 71524 100000 100000 100000 100000 86689 67126 63281 65295 71647 76310 76719 76719 76719 76719 72470 49483 26543 22414 33440 59995 75977 77275 80464 78222 70370 65457 68729 68670 59891 50572 54955 67542 78619 98314 100000 96207 67492 27595 29325 54671 59466 51859 66169 98531 100000 94784 63108 28660 25134 58793 88706 100000 100000 97158 91463 100000 100000 100000 80291 38070 43232 71966 98915 100000 100000 100000 100000 100000 75796 59646 77154 96433 90883 46016 15766 27442 39187
67963 42708 37868 51359 54909 75206 90775 74325 53221 62101 73198 54110 32157 36834 54106 58687 82340 94248 74581 40905 15136 35779 66372 100000 100000 95201 68028 48937 53031 57977 61581 72948 81291 82022 82022 82022 82022 79826 67940 56078 53943 59644 73375 81639 84128 97871 95213 71200 46641 41846 55363 57244 44572 41124 62512 88696 100000 90496 83971 67078 38194 42502 67555 68231 54269 66176 98531 100000 94784 63108 28660 25134 58793 87146 100000 92343 84056 83761 84752 85944 85003 63112 45426 61543 88786 100000 90779 86242 96803 100000 85143 56107 29537 46564 81641 94660 64535 41679 61688 80290
70000 47994 56522 80902 85355 98264 100000 78095 58343 76686 97840 80729 58978 63714 80080 82801 96571 95934 72513 41985 28292 59338 91144 100000 100000 65128 39344 40818 70804 83007 79798 68234 59438 58604 57640 56047 55390 57783 70495 82741 84481 79078 66797 59199 61312 83868 92708 71259 48485 55435 80176 83910 64734 48417 64036 89226 90979 66513 56954 49714 47805 70124 95476 87055 58930 64705 95974 100000 93744 63358 29661 25798 58825 85966 91072 67857 57019 57688 58413 58647 57874 44619 42200 65135 90491 90940 66618 58717 73775 94642 84212 54947 18660 22723 54484 74844 70822 69676 92288 100000
70000 52300 75852 100000 100000 100000 100000 94106 81845 100000 100000 100000 96683 86616 81560 73424 72756 75857 70870 57537 51024 75644 100000 100000 77419 30256 13520 29460 75063 97725 100000 82656 64297 61835 50229 31036 23112 32410 78397 100000 100000 100000 82043 66594 60115 77719 89945 71259 52316 74015 100000 100000 98518 78339 84572 100000 93697 60136 41826 38968 65773 100000 100000 100000 62335 49114 61685 77411 77013 67525 46349 36859 59369 84411 78315 47952 42752 53341 61880 62681 61752 52465 57062 83129 100000 100000 71626 62460 80168 100000 100000 72180 25171 13765 40194 70348 98576 100000 100000 100000
70000 51148 70682 100000 100000 100000 100000 96956 93909 100000 100000 100000 100000 92550 68036 44312 26327 42382 68332 77719 65892 66089 90307 99937 66787 34332 27744 29781 56067 83673 100000 100000 85225 82434 67250 42140 31774 42639 90492 100000 100000 92929 97961 92007 72810 77548 87915 71258 51291 69045 100000 100000 100000 93838 94343 100000 100000 81045 55231 43190 68626 100000 100000 100000 74614 46771 28557 26210 52624 73955 72099 53926 60208 83432 73472 49147 57502 80478 90947 84727 82370 69001 66381 89225 100000 100000 91082 83218 98199 100000 100000 78453 34312 27044 54899 90200 100000 100000 100000 97843
70000 46570 50128 70616 73921 73915 73894 73872 73864 73892 73924 73970 85110 96000 79217 50076 19863 32584 67375 84628 67688 55905 77921 95976 83822 66720 62447 44757 46399 71401 95241 93750 76263 73708 71424 67648 66089 72749 95012 93900 68751 61376 82513 84239 60955 66812 84591 71258 47217 49289 69975 73920 73897 73866 73864 78178 95856 92711 67250 45368 52043 71783 75411 90985 93261 70000 37982 18294 44988 76386 81834 60379 60525 83330 74450 55637 70037 94453 94416 76783 72908 56065 47301 67403 93596 99346 80632 73875 86535 100000 86682 57446 24708 33887 67412 100000 100000 96649 66355 61874
63070 40217 36530 47582 47530 47530 49480 48971 47086 48293 49731 48118 66812 100000 100000 82916 43168 38984 67379 86061 72417 59244 76584 98692 100000 92784 85508 59922 54671 78278 96253 76217 45110 42151 57405 84577 97982 100000 94967 65150 36787 32735 56630 58840 36292 51692 84468 78072 53235 43636 52901 55336 55010 52519 49135 52421 80530 93630 74471 50354 44346 53989 57623 87565 100000 100000 69370 35806 47560 76438 84542 65349 62405 80058 66803 47915 63160 83287 69845 43904 41751 31402 26461 43111 64061 67043 52018 48815 61007 70331 53387 27158 5744 26132 60762 87663 93990 61852 35421 39102
44426 38311 48703 52759 40626 40625 51912 48968 38058 45045 53365 43633 51811 97963 100000 100000 68804 47592 67390 92833 95071 75447 69907 82800 100000 98956 81346 57962 67678 96921 100000 69933 24934 20817 41099 85895 100000 100000 94914 40712 17726 26557 56253 56358 33069 47725 89224 96167 81671 70693 70558 71372 73243 65981 49857 40775 65793 96979 94289 79527 70119 70833 72908 96729 100000 100000 98223 56544 51224 76655 97371 89055 71407 64951 36008 23401 44516 60049 37899 15486 25911 42695 49049 46042 41828 31453 33988 47788 60479 51702 27436 12936 6118 23011 43221 52120 40849 22541 20798 34931
50404 59757 82555 79426 55897 55896 75939 70710 51336 63745 78518 61134 47115 68346 93580 91186 63675 48146 67393 99183 100000 90643 63550 62592 84645 83145 55617 33645 56614 90944 100000 83331 49129 44759 43068 60260 89847 100000 94941 56011 45025 61182 84861 76095 50395 48615 76946 89675 87453 85104 84398 84856 94853 94663 72180 49048 53284 81305 89416 87067 84894 84396 84708 89147 94568 95032 84183 54571 51691 76858 100000 100000 79848 51689 16598 20773 50494 64639 44441 33226 56025 91744 97177 70593 42723 19820 38823 68584 86095 71712 47883 44271 43928 47137 50237 44526 26464 29685 52193 70894
76393 85189 99399 86889 60734 60732 82127 76546 55865 69111 84881 66297 43322 46164 61920 61422 45219 43785 67402 100000 100000 92964 62558 58888 80359 78464 48392 17894 32231 64451 89653 92870 78981 75507 54086 39948 58161 85075 95116 81850 77012 89173 99419 81724 54435 40391 53556 63106 63085 63037 63061 63806 81758 95237 77769 50928 40939 56263 63364 63393 63339 63325 63392 63460 63525 63595 57311 41399 49818 76625 100000 100000 81420 50815 23898 42346 76732 91021 72325 63710 88181 100000 100000 76676 45107 20321 41858 74030 96920 93958 78122 76610 76625 76679 76649 68809 50801 58423 84820 100000
81863 89723 100000 97389 77337 77336 93976 89635 73550 83852 96118 81656 59955 47995 45811 39729 35417 49071 68552 86655 97424 82730 65874 63840 75743 74692 56268 25098 15952 29406 52251 85859 100000 100000 77769 34042 38302 69367 100000 100000 100000 100000 100000 82194 53370 27335 24232 28659 26703 22731 24732 31637 62462 90354 77709 48799 26652 33398 44000 46445 41891 40702 46221 50007 52482 57272 57345 42249 41414 60686 93940 100000 93145 69178 46519 63703 96691 100000 100000 100000 100000 100000 100000 73793 56200 42460 54399 72261 92019 100000 99862 93882 95125 99661 97163 88777 85052 99311 100000 100000
60398 68049 90042 100000 94517 94516 100000 99031 93127 96908 100000 96120 90651 81148 61966 43571 48021 69625 71108 56994 48585 60059 73220 74809 65515 66336 77117 72128 44122 24554 20362 52481 100000 100000 96382 48594 47325 77911 100000 100000 100000 100000 100000 82242 53261 25998 21231 25133 18893 6225 12606 32655 73181 97181 77887 47084 19041 30463 54286 62082 47562 43768 60999 66870 65197 76857 89732 70359 43317 44874 66753 94499 99897 88959 63475 62270 87721 100000 100000 100000 100000 82575 62221 67227 80775 91503 82181 68311 71268 92931 95801 78962 82926 97389 89423 77777 96939 100000 100000 85314
60526 63258 72633 79745 80247 80247 80455 80401 80200 80329 80482 80350 90538 99670 82098 57179 62657 83092 72542 40379 21226 47358 77336 80954 59786 61654 90461 100000 91350 57467 27449 25044 62885 91413 85817 58878 64059 90737 100000 86278 81321 92607 100000 81783 54301 38755 49883 58791 50151 32612 41447 68614 100000 100000 78138 46786 20084 39352 71788 82583 62479 57227 80568 80114 64552 75689 98999 92919 65909 59781 64698 74886 80248 76617 53986 48121 70956 100000 100000 99989 69893 33840 32125 63461 94541 100000 97744 66090 57458 78446 81998 58864 64351 84376 73347 57372 78684 94437 72926 36658
86527 82623 65706 51776 50341 51873 53785 53717 52925 54006 56116 56732 71875 93956 85292 61594 66463 84591 72594 39794 20263 46911 77480 81170 59584 61490 91877 100000 100000 85278 48192 19219 36840 64235 68175 56624 68081 92067 86697 58052 50432 68114 92393 84066 58751 51083 71654 83328 76036 62610 73267 98710 100000 100000 78243 46610 18801 37044 69486 81821 64251 58986 80160 71837 45987 53005 80419 96780 90312 86174 77369 59916 50592 48086 38115 47187 73283 100000 100000 69238 39866 13041 25603 63273 94607 100000 94550 62971 54720 75308 78104 54602 59429 79472 69210 50995 59989 64756 42280 13466
96731 96311 60409 25153 21576 34516 49032 45857 36810 43551 60762 65589 78018 99695 99470 85368 88692 91998 72603 39794 20263 46911 77480 81170 59584 61490 89572 100000 100000 96467 73325 32316 29129 54439 67020 69761 87117 100000 81554 32513 21173 43709 86632 98235 82565 69420 70801 74458 78057 94967 100000 100000 100000 100000 78081 45534 10180 19931 50428 74462 77365 68797 71444 62048 53442 63245 84055 100000 100000 93847 69006 35443 21380 21842 36485 68598 92325 98883 67907 28684 18561 12079 29774 63370 91393 99450 69335 45374 45059 63364 59604 34760 32838 51208 49216 36197 34416 30887 16046 1188
79573 94626 73110 40899 37529 58724 78163 66052 44948 49629 76215 84342 87769 94340 95431 93526 100000 97655 72611 39794 20263 46911 77480 81170 59584 61490 85234 83565 70045 80564 84186 56361 47622 71381 79379 74542 88770 100000 90145 46964 36619 50044 79864 94658 90693 75845 59959 55670 67756 100000 100000 97098 91395 93471 77651 45442 9442 18466 48813 83938 100000 81811 60502 52097 69052 83772 92765 100000 97577 73693 46831 33478 36187 38315 56741 83163 93915 82228 42727 27040 43689 48435 46767 63622 88826 87325 57876 45621 55399 70800 58703 32151 21646 37890 46414 43159 41133 38914 35203 25395
70000 93963 92270 73241 70975 87763 96598 76554 50330 44418 63047 69910 69910 69910 69910 71981 90473 95198 72609 39794 20263 46911 77480 81170 59584 61490 83779 73396 55467 71347 83994 64355 57291 80487 78578 57356 64821 90585 94980 76081 70089 70053 69965 69912 69915 69978 70063 70089 78794 96423 87433 61330 59574 81200 77404 46796 20286 39993 72807 100000 100000 86097 57016 42692 57355 69857 76847 95530 89589 63357 43418 52432 69222 70082 70017 69933 69910 60228 43246 53709 79694 79545 58063 63765 89737 95546 76893 70149 82799 97375 82905 55867 42919 58557 70074 70089 70089 70089 69671 54284
79705 99758 98090 84641 86416 100000 100000 85423 61089 46183 51918 55705 55705 55705 55705 58121 81308 92836 72607 41846 29093 58576 86193 89120 67183 63922 80079 72483 59370 70985 78831 64659 66013 90054 82915 47298 42355 65676 91671 97447 93225 80537 55205 38481 36665 61096 95560 100000 98977 81211 51708 30317 40240 77390 84937 62321 43394 64516 96708 100000 100000 75303 48384 26059 26362 35742 47327 76003 82816 65231 58103 81212 100000 100000 83403 56834 45988 43427 58045 89146 100000 98149 61167 55841 76278 91751 93093 94589 100000 100000 95775 71938 61465 79032 93646 98071 100000 97084 92502 73218
96771 96399 70858 57983 72309 97792 100000 99458 87427 76007 73853 74609 74609 74609 74609 76567 93505 95979 72610 47236 50585 83352 99891 100000 89144 72241 67253 69323 72896 69729 58457 55398 80173 100000 100000 76600 49066 50818 80061 99888 88961 70135 48130 28289 16445 54819 100000 100000 91654 43642 19831 23299 43226 76182 94973 95710 76109 71804 94859 100000 91865 52057 36636 13150 4677 18738 37087 56320 65993 71454 86276 100000 100000 100000 100000 71565 47784 44928 82515 100000 100000 95261 62385 44657 39407 46842 73561 94596 100000 96844 71950 59094 51704 68028 90640 100000 100000 100000 87233 70841
86373 74046 43739 42153 67103 92104 94882 86774 85428 83934 83281 83259 83259 83259 83259 85007 99087 97418 72612 48980 54312 80287 86971 97924 100000 78567 57254 66858 83441 68749 39020 33419 68231 98952 100000 100000 71858 54095 70980 86901 68104 56440 65808 60857 39444 59922 97182 90697 54422 20530 32485 58696 69613 67300 79371 98384 80665 59246 75810 95539 81999 56653 51510 32644 25855 46788 66665 60551 55590 76196 98975 100000 90100 91692 100000 92878 66799 55799 83870 100000 80238 70399 72631 59481 31588 15812 44402 77001 95365 81958 59033 54586 41736 45747 70685 100000 100000 95219 65483 49881
59486 52525 45626 64102 91620 100000 78775 59716 59626 59314 58730 58580 58914 59793 60360 62676 84238 93860 73462 47830 41664 55928 59858 77491 94150 79042 56138 65982 83495 67753 32835 15499 42279 72313 100000 100000 75216 55696 70038 84294 64947 59824 85423 89809 66360 66338 75832 59838 29490 22843 59443 89662 85407 53263 52167 74337 67126 55308 73581 97393 97107 82157 79046 61630 55921 77591 94753 73467 55443 75707 93335 79204 59547 62152 85008 91909 69911 54561 67939 72164 49303 55766 88194 87535 55942 26965 43839 74920 98390 97294 82788 79036 56758 46711 67481 100000 100000 92590 62144 41226
42752 35847 52820 94903 100000 100000 65883 41292 47230 41652 28562 25007 31552 48761 59863 62056 78901 93938 88869 75812 60444 48717 41008 57374 85103 78761 54293 52397 62180 51271 28744 19644 34731 48627 70701 81374 72230 63801 70016 76194 67854 70554 88101 87125 69463 61022 50154 26246 8705 42543 99661 100000 90592 40044 35429 60754 72170 74922 89685 100000 100000 94426 100000 96998 97048 100000 100000 73755 40456 58804 72723 50376 26116 28082 52611 74200 69961 60679 52667 37016 19059 44136 100000 100000 95357 66435 70042 90666 100000 100000 100000 100000 78380 52257 67486 95811 100000 82297 66611 56437
55401 34543 44695 90124 100000 100000 61809 50682 68944 62653 36584 28877 38660 64382 80976 81157 75702 80086 95099 100000 100000 74676 49732 53746 80257 78546 52013 37351 43042 43147 45705 61196 62974 48397 34300 44871 67008 78129 69978 61874 72965 85192 78143 61452 56340 62420 55441 30106 20213 67912 100000 100000 64510 33337 47622 75405 94732 95085 97136 91062 72191 74390 94842 100000 100000 100000 100000 55352 29445 50048 66771 50634 29854 28654 33055 51251 70050 79988 63595 35752 27553 50427 95565 100000 100000 93120 91587 97461 100000 100000 100000 100000 75895 51620 67486 88116 79154 64100 74699 93686
69769 37159 24997 56833 86168 84298 59468 63489 88955 92170 70740 63312 65693 71955 75995 74180 55885 51337 73867 100000 100000 93162 62309 58721 80395 78509 52117 40885 55689 63534 75000 94242 84770 56893 24071 30340 64687 84527 69960 55480 75268 94850 84287 65075 66314 84949 87942 64565 50328 74343 89742 66859 31134 29014 61611 88820 98732 83438 76451 63841 45359 56359 83298 99541 87985 76734 68622 44257 44816 70177 90084 81002 64173 60381 43845 45329 70089 93006 88103 66695 63417 67134 73757 76677 76618 76462 76415 76474 76571 76667 76694 74427 53716 45930 67480 84680 67736 55975 78350 100000
64705 30741 7226 27435 54009 58333 47411 58324 86030 100000 97720 95262 87506 62852 46005 43032 26320 24174 47657 82548 100000 95738 68319 64637 82933 78586 53076 50465 77193 89823 97643 100000 83993 58630 27670 32020 64678 85420 74292 61677 80254 100000 99003 85434 87201 100000 100000 90991 69320 65703 59612 35931 9580 22472 61729 87875 88671 61516 50074 41878 39717 61447 86834 90659 62265 45039 43059 47452 73460 100000 100000 100000 84653 81996 60270 53241 75384 100000 100000 93403 88617 76877 60370 55197 56887 56390 52640 49995 48668 50675 54500 55042 45209 49326 72941 87872 68394 55878 78391 100000
45558 24600 4708 10776 24872 23896 20963 39064 67660 94827 100000 100000 100000 62461 22663 18577 8194 15218 41882 76171 100000 100000 90615 90140 94827 78964 51783 43491 72775 96147 100000 91052 72695 68239 50061 43189 64780 89401 94141 87789 97181 100000 87991 72009 74418 100000 100000 96763 67876 42993 28926 14960 2392 22847 61784 89405 95805 65510 43207 34711 52819 84931 99828 83969 40279 20123 25512 59242 100000 100000 100000 81201 67053 76655 70984 72017 94530 100000 100000 100000 89783 66378 55184 65807 79239 81108 60176 42551 30671 38544 61627 75253 80227 82572 93126 95794 67280 55117 78391 100000
48519 44617 40081 40219 41817 28386 21729 41969 66713 75503 81060 100000 100000 78282 44212 40158 28796 34402 60574 89243 100000 96037 91088 99560 100000 79209 49258 25531 46222 78039 89486 69836 59992 78400 73739 55000 64888 91799 100000 93989 91903 86438 68108 55930 58595 84897 98211 78071 50181 36026 41123 40456 30053 34880 62047 92421 100000 91981 60733 43886 60419 87699 91701 77363 51963 41739 46233 69199 92830 98542 77602 44328 46405 68584 71999 71520 91570 100000 100000 95390 66488 38071 45442 78551 100000 100000 90873 59460 32117 34948 71173 97604 100000 98616 91268 83394 55691 53035 78391 100000
74107 74093 74055 74039 73167 56365 47478 67494 87932 71338 52009 69915 93206 90989 75552 71947 52127 45442 67332 91943 91460 70657 66369 82631 96026 79139 48679 20628 38123 71286 83927 64319 57287 80489 78611 57413 64857 90268 92921 72313 66023 67643 71559 73930 76535 93977 95254 71320 47291 49404 70110 73388 56228 44138 62229 93179 100000 100000 67303 44109 46953 64023 66097 68639 72570 74045 73303 69804 66536 65784 53076 44526 63629 87070 75277 52759 66101 100000 100000 89315 58552 23884 25777 59331 91294 100000 97973 65952 30813 20497 51637 80175 93135 77500 65968 58530 42147 51255 78381 100000
100000 100000 95920 93211 96841 83157 71939 89279 100000 72402 34182 48196 79494 100000 100000 100000 78677 47442 55177 75634 74242 52045 43167 58463 86457 88064 67376 36540 35958 58386 68605 55583 56427 80768 81634 57041 54157 70234 72790 60720 56951 62308 78756 93094 100000 100000 100000 83971 62636 72181 94679 93504 73383 56470 65140 84572 100000 88891 68303 51995 45523 46162 43069 59942 88769 96470 88236 70808 58508 56776 50901 57488 85072 100000 88703 52174 56994 84306 99612 82324 62527 34667 29038 51547 79023 100000 100000 79331 41846 13704 30811 58825 75213 60427 44695 37805 37667 56114 75269 96802
100000 100000 82562 79540 95640 90104 72793 83141 100000 72096 39310 54424 80004 96164 100000 100000 100000 54516 41878 56121 72238 63990 45244 38487 64490 93449 99485 75425 44444 43157 44273 39727 54741 81754 95249 70806 44654 38399 51735 72992 77679 70976 67601 81573 100000 100000 100000 98547 78972 87596 97874 83438 71885 73413 72481 62077 53017 59730 70930 83173 82586 61054 43588 58346 91183 92072 73975 67001 75044 77533 65656 58946 79080 100000 100000 81009 77780 81301 71263 65727 73368 75679 72271 75681 87304 100000 100000 95863 67371 32165 37979 66098 91446 78881 52170 40108 54259 72285 67135 55429
84389 73217 50459 55909 80925 80622 59398 65255 85787 71217 54037 72337 84718 71917 73032 97578 100000 72643 57158 66395 89346 86156 60355 30391 36524 73331 98501 96912 68124 57207 48907 38539 54384 82719 100000 98644 62351 39151 45157 73593 81099 65827 47741 60286 89596 100000 100000 84077 66804 79348 85526 63126 60681 80914 77136 47631 22048 41002 72619 100000 100000 84230 57340 61993 83908 75319 51241 52747 75511 80966 64334 47093 61327 88417 100000 89104 81242 70811 49100 54697 80230 99172 92339 81318 81799 82896 83187 82673 66960 45525 55842 84712 100000 100000 70915 54071 71170 83438 61911 28860
53674 46166 36087 51310 77243 78407 59548 65933 86040 72614 57262 75995 82200 53495 44783 70657 93554 91713 84298 90000 100000 90823 63934 26185 16722 46173 74691 94000 88257 82083 69260 47057 53746 80489 100000 100000 91504 63935 47276 52788 55538 44776 39323 60219 89422 100000 90982 54906 41231 65794 82228 61872 60975 81992 77424 46909 21196 41799 74820 100000 100000 87851 60912 62791 80862 71526 46086 37736 51157 55730 44775 38317 57715 83628 89626 67305 55775 47390 36989 53016 80324 92112 71236 53786 54443 56309 57673 57829 47659 38656 55531 83573 100000 100000 72534 55358 72391 84116 61608 27314
22236 19651 21266 37784 55956 67336 73745 86422 98007 82632 73472 94466 94880 50950 32414 59022 96604 100000 98108 93503 100000 100000 84901 45928 17606 33638 63353 91849 89540 76096 60667 44287 44933 54514 90410 100000 100000 100000 73070 52096 40874 29547 41965 77882 100000 100000 58811 23051 15441 42504 70406 67981 78960 92372 77684 47952 29553 58388 93303 100000 100000 100000 81930 64990 56264 50507 40134 29836 34787 45053 44298 36289 42997 60930 71894 58378 42797 28219 24453 51497 79704 77173 37955 20281 32033 50979 62177 63395 57162 46183 45979 56103 85144 95087 72521 55358 72391 84116 61608 27314
33292 33237 35772 41670 46899 60811 81983 94002 93179 74993 74767 99054 100000 62929 47849 74893 100000 100000 83724 65509 73532 93751 93306 66071 38307 49493 79139 100000 84632 55232 41188 49430 53265 38042 48752 89359 100000 100000 99310 78401 53959 30382 41032 82039 100000 100000 57135 33504 27960 32892 55954 76792 100000 100000 78060 48211 31624 62499 97877 100000 100000 99532 90990 60762 34762 42253 54748 46963 44687 63935 75183 58933 43973 50750 73339 78202 58392 30273 20109 50593 79382 71852 33854 28216 53147 78613 84840 83657 84933 75884 54111 38022 56190 83293 72506 55358 72391 84116 61608 27314
67464 67465 67469 67476 67531 68923 71394 72506 67281 48126 50979 76420 85166 63139 58736 86195 100000 100000 72641 47853 47688 67909 72102 56184 43556 60882 91267 100000 99640 66147 53498 73125 80184 55838 41752 57899 72404 78393 96269 90774 64555 30599 25814 59652 87716 97603 78797 67467 59038 42489 52372 79830 100000 100000 78189 46933 21385 42174 75219 97773 92995 74558 70791 51185 42689 63615 82374 67575 55415 76619 96017 85817 68368 70775 90763 93555 69895 36285 21064 50512 79579 78754 56074 61237 87531 95369 78866 72561 84276 96412 80382 55426 61807 83229 72504 55358 72391 84116 61608 27314
100000 98235 90946 85238 84366 75869 58576 48298 41314 25554 29767 50607 60841 56018 65649 93454 100000 98941 64514 41376 35606 46275 46393 34203 32288 53832 82701 100000 100000 99258 90374 100000 100000 89080 60026 49543 54759 64704 91633 95171 72937 35755 13151 29924 53717 83277 95565 92615 78658 50719 53127 79821 100000 100000 85181 55794 23134 30732 57774 77965 73685 57181 54424 48039 59947 88594 100000 84789 61173 75337 97616 100000 94033 93081 100000 95871 69910 38326 26673 53941 77806 84360 81371 94643 100000 100000 65464 55441 74975 100000 100000 79369 73580 82082 71980 60066 77346 85042 61616 27044
100000 100000 88556 69591 67886 71278 65733 50004 36033 34762 44761 45903 40237 50307 82073 100000 100000 75524 45141 38421 48971 54458 41796 23880 23223 39533 54985 85776 100000 100000 100000 100000 100000 100000 82534 61440 69523 88351 100000 100000 93584 70231 38031 21970 22406 57134 95222 94356 69314 40963 51500 79667 100000 100000 99834 84307 63038 61326 73602 83720 81575 73305 71159 59802 64037 89783 100000 100000 78755 69517 80700 100000 99046 86833 91644 91751 69910 46997 50588 68568 69017 73535 95288 100000 100000 100000 79665 72464 89059 100000 100000 78642 55944 59788 69729 80150 98485 88996 61720 29627
92967 88027 70791 57295 56817 75381 88528 71742 51657 63152 78251 62009 34258 36220 73792 100000 100000 70615 51624 59038 82504 82129 58038 35862 37931 50474 50975 50150 67926 94168 100000 100000 96089 91039 71063 60413 79194 100000 100000 95008 88308 90805 83065 57882 36675 53636 84179 75614 43207 23745 49131 79369 100000 100000 89284 87014 83802 82914 84264 85506 85243 84228 82301 61233 50482 70562 100000 100000 92916 64335 61247 83209 83382 61834 69651 85441 69910 54637 71661 81456 60827 51383 73425 92349 93459 90147 85280 84170 95023 100000 87416 58223 27352 36795 67742 97848 100000 92480 61918 37681
62025 64085 71583 77427 78726 93106 98047 76513 55709 68869 84537 66017 30479 18210 47802 76414 94523 86703 77975 85035 99835 89388 62602 45569 59498 77357 73339 48030 40666 63375 86678 83529 64925 61275 43957 36434 57254 83011 87310 68421 62594 79177 100000 89287 65103 69466 84944 70840 37737 20661 48860 79065 94633 79144 62032 61652 61904 62084 62013 61981 62203 62424 60969 45523 43349 66562 98744 100000 94308 63216 57705 79016 78965 56387 65264 83890 69492 55453 74542 83257 59401 40338 48868 61398 61608 61608 61608 61672 75801 94241 82253 53267 21967 33223 67464 100000 100000 93193 62552 45684
43097 46754 76384 98114 94530 91539 85942 73349 62651 69418 77475 67938 45465 28113 36205 51097 70998 87681 96261 100000 100000 100000 79979 72056 88022 98603 86264 44440 24101 44447 67491 67666 57218 60827 51466 42453 54976 74475 77734 63413 59000 73616 99118 100000 90361 88392 79772 55477 28394 26854 56583 74396 72481 45633 27696 29314 40275 46961 42438 39548 48286 58006 58155 52985 61432 82848 100000 100000 74995 49330 41648 54785 58831 48208 57406 67380 54149 47928 73725 83430 59053 30471 22174 27189 27314 27314 27314 27391 45030 72643 66545 38280 12078 30686 67462 98130 100000 98786 81873 78673
