100 100
70000 55514 100000 51063 69766 70000 50780 83337 71561 42697 100000 62914 65631 96394 36922 70602 78478 70000 70000 70000 43914 77631 85860 83591 24365 100000 62320 65951 70000 60213 71205 78055 94027 50137 69869 95877 62825 57754 80438 52100 70000 69536 52525 65636 84134 71807 77639 94329 55451 74601 57566 70000 70000 70000 42787 96882 69437 53030 65135 83979 72423 99136 69262 55389 74030 83445 42881 67321 59505 100000 43007 69326 53544 64639 83805 73037 98333 20002 84651 66547 100000 42967 72940 79913 53463 70000 70000 70000 42949 100000 66386 63559 95156 41502 67088 56157 75259 86560 70649 70000
70000 34960 71750 35399 37669 88934 82056 50065 72248 71396 48580 54992 93325 20194 70593 100000 100000 48573 52926 79254 62688 72563 61451 81171 82444 55602 36765 37206 64982 71527 62295 44249 77488 100000 83677 82457 100000 64133 56041 77290 42966 100000 62504 63957 91137 45234 50251 78758 91797 83662 10186 100000 88629 83774 53934 47699 37479 74094 78395 52305 59281 85579 57935 23066 66824 62795 63597 98593 59831 100000 100000 94270 80915 74058 59546 67715 46136 78413 64070 100000 100000 42230 95627 80666 64169 89169 100000 93716 42314 100000 37229 34715 61116 71330 67125 100000 72404 86496 84564 39096
93387 77475 100000 100000 69993 37320 28818 78843 72291 71036 71207 100000 54738 44001 85412 67170 69973 66672 96358 38067 91897 78695 85836 94100 100000 53580 93104 100000 63444 12194 46759 68219 38532 66101 70737 39591 37484 34053 100000 100000 79465 70761 69387 46012 100000 100000 48459 93008 100000 98132 99304 98606 42632 66767 100000 78711 72437 20525 80747 82736 69719 91025 60333 85480 65916 92494 98203 37480 68062 35892 28284 42910 70618 68075 46276 91704 100000 100000 75323 20403 34505 20675 100000 53004 17962 20395 20931 70223 50475 90030 100000 95608 82891 66629 45000 33728 35663 37922 47595 31499
51063 49289 100000 31883 82146 97497 70777 100000 55251 57283 72645 52871 68919 100000 79426 51098 25715 57787 84655 60286 100000 56991 53687 38923 93486 44877 63481 60884 75997 81560 87732 100000 32633 79557 69828 100000 77913 75343 55153 45144 77530 59839 88290 26726 88862 55866 43795 84876 60493 50789 57295 12658 82537 47566 83993 49409 93583 100000 80500 32108 72422 100000 28333 82890 66443 60529 100000 62628 79691 70243 71244 73553 56337 100000 83663 46362 46362 47827 49111 89122 93666 77332 51289 83906 92777 92043 92720 60358 81422 48798 46418 93416 73537 56083 89082 70289 100000 56647 82797 43258
69766 66729 50331 83935 63973 52710 95100 76482 63719 63489 63490 63295 63682 63800 55195 70368 72420 42656 94010 69562 34849 100000 74138 57654 60958 81600 77615 67685 44636 100000 69026 39615 92756 64436 76459 66255 45932 84754 77374 100000 33052 77578 56341 100000 36439 78059 72370 69602 75313 63301 37720 100000 54902 62313 36367 100000 67283 50185 88092 53740 72397 61305 100000 55462 74010 63396 76609 78922 80557 57907 73336 62908 53304 64850 94015 63277 63277 88109 49251 73673 89273 68378 53553 63026 100000 49703 76718 76458 99309 43537 63326 96470 51713 82764 73116 89451 69002 53699 75816 44793
96277 77744 55157 56380 42309 52121 86992 65375 48637 50803 95554 78131 55519 36624 83455 69647 100000 54665 55334 89688 22194 90297 18780 39885 41872 40368 77843 100000 57834 46527 42516 59869 100000 70465 60297 89659 100000 58765 20493 86998 76769 38543 49130 100000 45293 82821 100000 83597 46668 87458 100000 91192 27969 73532 73142 72084 21603 74826 60116 100000 42298 28833 73788 88297 74129 66741 25087 33845 80089 23752 56371 76295 89893 95167 100000 100000 100000 89222 48182 41673 46112 71747 39486 75470 62679 44380 48441 79244 100000 56288 80954 33655 51382 77261 68309 47800 34139 41800 82029 88936
42701 72166 84953 78360 99207 38130 50080 64437 93466 98717 100000 45965 67697 76075 89380 50371 46096 74290 100000 56739 28107 89355 100000 100000 86739 62432 72550 27248 46779 91914 96867 54777 82287 44022 75178 50551 71848 65263 100000 92947 76842 88672 73995 100000 59996 24066 51159 72074 78366 55449 33393 38226 66819 65434 82037 98468 88531 60795 33043 86190 100000 37287 51280 72513 74122 91171 60048 84380 93141 66300 90483 66642 47906 44424 31634 23494 47897 71203 100000 93815 77025 97090 100000 82727 100000 100000 82257 47475 59300 41011 68745 100000 69469 12101 47877 100000 81220 77451 62036 77592
71759 39638 92118 63509 74441 67476 64344 97654 86243 42019 63047 84942 64151 100000 60380 83349 49598 100000 44583 88769 98010 28543 70746 81346 88786 70401 62382 78988 55291 94678 71157 90074 43619 88224 75314 44337 40370 84145 67439 66377 50295 59920 53809 55162 49195 86860 55594 88668 65775 86154 71361 82988 87397 82784 61173 95438 62957 79064 92864 31053 58474 81553 81468 87109 75692 49244 47250 97025 47358 65961 91558 81674 90973 77010 48648 81661 93839 40557 53166 68333 100000 38955 55025 56849 55025 54903 55832 86786 57147 68580 75334 84462 71376 57618 82244 100000 48873 82641 58423 40446
82778 59224 100000 75272 51024 100000 63282 60690 93849 27303 83801 91504 82256 18423 85265 72153 100000 21345 82481 66045 100000 47183 55980 57441 76340 95408 62695 85083 15259 93796 68839 94914 27347 96358 75423 20065 82587 55326 44475 64762 100000 49461 81345 38904 59577 84370 59714 69028 79664 58889 94218 29264 99049 84025 38481 100000 73295 51923 83995 48571 83595 100000 16298 75142 78877 93025 61468 96668 59007 60561 100000 82960 83130 82874 67589 61748 87727 81553 81231 82714 83436 72122 58998 78064 42754 55659 55914 82127 67348 62565 82795 49424 76191 100000 84309 48449 75284 85043 72623 61633
51214 61786 78804 11617 59208 40968 76547 92204 28720 3702 82283 75762 79608 75965 100000 97490 74635 9294 52378 72228 18146 33157 70320 80891 93952 51883 62178 59166 62968 100000 70454 47723 45606 89697 95396 100000 73265 73661 100000 35469 41680 92095 100000 69063 56110 23919 97551 66301 81290 100000 68657 57603 30142 78198 76538 47065 21095 35559 93956 100000 79266 55183 62680 100000 47183 85769 52131 28506 39522 39537 64391 45170 60374 53168 69002 91780 36545 6765 45301 53635 66095 92607 100000 46410 90257 51495 68543 79916 66324 100000 78529 78674 29435 35579 78511 46444 100000 100000 55269 71258
84304 46560 80695 98312 82087 61543 90688 28403 100000 81334 100000 23564 59431 77223 71518 43417 93962 73304 93447 73359 51691 83891 93791 59354 100000 71831 79645 67911 78671 74057 56639 44231 70304 91685 38411 59558 25963 100000 40435 78906 86774 74666 50655 84428 100000 96064 83709 44459 60991 56857 44830 100000 91289 29810 93052 84566 94573 85666 62699 51236 29769 86872 70994 44176 52491 43198 49211 100000 98913 98644 100000 61186 93504 51071 48773 58059 80498 87596 100000 72022 34846 33366 42454 100000 96017 48693 100000 62565 53230 99800 42819 96038 58304 81817 42937 54094 79770 42826 74971 46880
62914 92562 17227 82309 76962 76831 95944 64957 74302 76551 45460 77041 45643 100000 49704 69698 68047 97703 45673 63652 88706 57239 88857 59608 83631 48373 70595 67246 93557 46986 76790 76885 70376 57938 64696 63174 99427 63332 76933 94060 53132 62244 83988 70168 49427 67899 40422 68143 77331 58312 55661 100000 54998 76284 45019 100000 61445 90480 47063 54616 79773 56007 70592 91052 77155 76965 53665 87834 81061 79734 59126 60501 60079 62660 64942 77050 55834 100000 35682 66179 100000 69082 54038 61913 41312 78701 72617 66018 63181 75624 66693 57386 44936 90888 67153 100000 64554 49989 60021 100000
65631 100000 32488 44269 49763 68995 56953 53816 53980 99582 87965 93065 100000 89937 61425 88425 70075 86017 85849 51414 55770 42393 88476 88951 86399 65164 73386 87216 52198 80280 57051 84973 58707 41748 64577 100000 40244 81584 86403 26943 76920 77492 91895 89416 14306 53154 90306 100000 41764 60855 100000 40351 54211 100000 45969 100000 42433 72530 100000 61499 92941 50665 61799 79899 78286 39015 90568 52529 52160 26417 96446 61155 78201 33836 62015 71499 63214 73118 66062 51385 64225 100000 86131 47484 76216 78171 47291 67900 100000 46212 88260 84105 44652 84934 72594 85041 37122 48144 60503 100000
43605 62525 29129 78163 67722 49631 99248 100000 72727 48854 16819 73644 91803 31395 53757 73344 16743 55701 99922 63416 80545 100000 68596 54100 54908 60331 47120 58795 20848 96574 100000 100000 100000 50914 70632 39142 0 58407 69168 76503 53441 47427 58392 88270 58447 94858 72027 39708 71806 44319 89084 48571 100000 27061 54978 74565 62178 29331 95757 18310 20559 79782 100000 88771 45379 63977 64876 65964 86780 71902 83409 98043 100000 69675 97885 44022 14398 83884 100000 64673 23959 32124 24042 100000 85373 69013 98494 52489 53376 37759 73346 37032 17930 100000 44875 86024 62154 100000 61025 84244
93732 94430 61000 100000 98765 56510 95421 57628 90055 90242 56957 54893 59931 14361 80693 55611 92322 72057 42993 97811 62118 100000 61645 81190 28531 51600 93015 95206 36410 94570 46422 50213 71765 60636 75196 79658 75320 100000 59576 100000 37502 85828 95285 86576 46056 80925 99904 20078 97823 98495 87517 22505 68107 100000 96146 40294 100000 49819 100000 50280 93418 52680 80484 61613 93143 100000 63630 88305 59629 97487 58566 55629 47312 43635 81107 87013 96090 90504 18443 91081 91247 85126 85481 47965 47619 32077 70073 84034 74988 95183 55664 100000 49158 87305 93372 100000 42957 35818 62829 100000
70000 79437 47215 84802 63744 100000 42916 69397 69397 70227 84646 62014 47139 93394 70447 69397 92972 67690 50556 69221 43795 77631 85860 83591 52076 85239 62317 65379 69397 59692 71206 100000 20157 95260 75423 82977 62825 53369 57148 100000 28607 78868 73192 96102 45028 69403 92235 20078 96071 74785 83220 63079 54417 68348 96609 42514 69967 87521 75102 56020 67602 84673 44352 63308 65906 81470 90502 51807 58602 87434 54280 78775 56702 100000 45149 70576 48552 95402 77071 73491 33836 76352 89563 80688 80532 43072 69800 54086 90823 69397 69354 48311 100000 41502 67088 55649 96792 73794 79333 53473
93041 60554 78302 93570 86748 75073 69639 51227 85118 96242 100000 54354 41264 77819 32246 38480 48627 78067 45590 56143 58689 38090 82372 61963 82013 100000 46231 82221 94640 28460 48164 98717 55418 92062 93746 52942 100000 92483 79152 48998 61418 100000 48309 70670 48043 59927 84671 20078 94371 51766 52491 97062 36763 38360 34079 73951 93076 100000 77492 75039 48832 95280 51179 16472 65832 94015 91753 32607 90470 43528 66854 78603 34538 100000 84227 55431 45252 87494 67488 96492 24962 78469 100000 95020 94248 80050 54769 53562 71433 35872 87737 45621 37911 87933 92722 42838 100000 100000 94171 91479
43976 70805 95387 71276 67075 63424 100000 100000 27959 44469 82493 63056 76129 100000 99439 96294 100000 100000 44042 40261 100000 88009 98834 58915 42863 75644 99367 70928 97461 79833 96142 71549 44603 55417 20370 34697 89234 17232 80421 75099 100000 47250 30390 100000 82341 69822 92758 77546 74506 96473 26512 97939 100000 100000 37431 44792 52747 26381 30170 9876 98431 81887 82133 59230 91416 39530 50696 64085 48493 54291 72798 70457 78889 100000 63403 73666 75386 73634 67264 22197 52064 82945 29079 20686 55315 82629 90478 53665 100000 100000 44328 61081 57170 92339 45306 27268 69955 35596 20140 90081
70000 46665 77860 57328 61961 18870 92993 36442 100000 42636 66994 68751 100000 49460 43421 70525 44575 100000 54620 84080 92716 28037 48197 53205 61896 85749 77597 59261 55831 61543 73915 50192 72755 87794 84359 50136 100000 72664 80711 9234 59910 72887 74550 100000 31005 66642 36911 100000 50625 65822 52698 87121 58171 79493 66832 64215 72283 70663 100000 49856 77286 55347 100000 91365 50884 87727 90378 85593 80581 90850 77102 59958 56285 77086 41973 86992 96283 53298 93659 94699 51335 99515 90060 83822 64185 74718 54273 53033 78054 62342 66809 56452 80922 100000 77770 78392 100000 60290 93701 59897
70000 100000 20433 93902 82423 88058 25581 75712 64676 59171 92942 75880 76085 98798 55466 69399 89568 26244 99885 76233 30589 100000 55823 62799 45091 86406 77328 61541 100000 46652 75889 75719 97141 49947 64162 94696 40939 66597 81564 47744 48782 71946 56164 100000 39720 64105 46959 98331 81159 74681 52739 68261 73131 59037 100000 53056 55279 60815 64376 65966 75882 48670 98293 81698 73912 88410 65556 51660 79535 26087 100000 60594 72478 68561 75086 61310 84305 20138 98193 79590 84579 21893 83045 55209 89238 89293 54921 82784 75766 33129 73554 50093 94959 75945 75897 95895 45544 75867 76066 44471
96085 63791 26789 85311 52980 100000 75621 99444 28489 100000 87918 25189 66515 65945 93234 95965 40944 13427 79547 97355 46434 70538 94620 93088 66443 46514 97672 70254 71195 90279 29581 24088 34253 89027 100000 93009 56279 100000 89237 100000 71113 78345 89783 82743 44248 58726 52536 76934 29980 67128 100000 77758 70608 92892 100000 100000 74344 54930 57281 65752 54695 34989 67726 87846 74101 30430 31801 90690 64344 72134 100000 94459 70705 93481 78591 85200 73069 46766 52147 54506 59555 72321 46463 99130 84524 100000 55795 97329 97243 75151 73576 67603 100000 41688 82694 54928 33420 30547 30547 13584
62368 100000 89325 96842 46272 62363 40072 14693 71365 55459 35522 73137 98404 58648 62368 62368 100000 72076 88094 25296 86801 76624 39395 73214 73003 59833 40407 73327 55290 46001 76826 99770 70738 73741 28535 74085 40142 59669 31344 84239 51866 84039 48175 79396 100000 97882 67850 100000 100000 47282 75790 49977 28306 61087 57273 51358 41594 86236 95663 100000 69198 99522 44751 35741 71364 100000 99978 91550 60007 72313 61481 23649 73737 51832 5813 92673 99898 81977 46639 68788 48703 99894 73743 16920 39550 66517 73816 24001 23074 19277 73599 69360 100000 72758 62359 83540 91442 82064 74749 70709
56109 54174 55541 57301 82000 44913 100000 81785 69142 77370 100000 81844 59372 58078 57572 54139 57627 40823 94200 87824 84189 63823 56337 54532 60463 100000 61944 47980 100000 50347 85857 36646 72182 100000 89314 86018 39407 52686 56490 97539 79393 54472 85860 40987 70857 70167 84857 36907 56057 81786 83230 100000 54677 55478 93704 63593 74788 50327 66327 85600 70398 97777 30000 98261 65976 68848 75980 40621 56794 100000 37123 81174 55892 100000 70831 60959 86800 100000 55365 75340 36144 100000 83455 83645 99829 63675 74336 83038 82768 69449 73489 96262 39839 55435 54139 42623 81381 99129 75225 64687
68622 49122 84791 54053 65345 44039 81503 56242 45067 100000 52697 59233 79659 80836 77699 56408 78036 98923 50595 59105 42378 100000 79465 45934 57380 100000 61944 47980 100000 82022 83589 47563 100000 88464 76689 42198 80002 70620 58771 49540 100000 47886 48772 71793 100000 80411 85898 37979 50940 54541 56153 100000 57371 78487 61652 63939 79389 56422 72528 100000 57812 47732 100000 56285 65856 70724 65633 79815 57839 100000 48355 58661 64880 100000 93946 77938 75648 64717 49967 82225 81637 99522 52694 60862 60418 80489 81202 85964 41645 97017 66457 43339 100000 46269 56388 42979 80505 96463 62786 95142
70000 100000 100000 94085 100000 86555 37195 73925 75859 71277 20216 93268 82508 47724 42617 100000 93329 80436 53498 100000 93074 100000 42820 100000 81040 32372 72682 53640 63436 72173 78942 72632 100000 85600 100000 21525 100000 100000 96378 80017 68686 58286 77030 65807 75200 23827 94289 55444 77548 100000 56349 100000 93512 100000 78842 83018 66133 37375 48903 12599 62725 27611 49381 32232 41491 100000 80564 70270 94955 38897 89906 100000 73182 51806 44148 75924 72111 92860 100000 78967 73737 50684 25784 38957 40786 100000 92648 25737 54556 100000 96146 49258 100000 85150 86320 96120 70725 29094 39967 73100
55227 43183 42751 40184 44795 100000 57698 82369 64533 100000 73801 91677 36032 70021 100000 28148 58164 54382 68040 58072 52182 66222 73395 57510 100000 66676 77473 64163 47314 73474 28885 31131 52181 51025 32767 20131 78258 23057 63225 43606 27267 100000 47053 59043 78963 100000 35306 36443 100000 42474 60194 90604 26093 57575 58159 69683 65507 100000 100000 77168 97929 96975 100000 100000 97576 85884 62259 51477 75156 28837 85577 19428 43368 77394 88700 41727 65486 53180 64772 29445 92436 79216 69407 81243 46020 100000 50415 75200 32263 48155 28606 63732 88709 37141 68399 59235 52997 100000 98857 87906
77304 94515 67558 56198 76607 50314 45616 84973 84223 78447 27835 69023 81439 42753 88073 78055 93964 40348 61923 61920 94543 40090 62368 62276 62546 49650 77650 92267 25468 92081 79252 100000 20562 90249 77819 77732 57793 92357 78834 78019 74457 62695 62408 98061 61265 60528 68204 49441 84089 65022 76180 87902 61966 61824 62155 48174 78962 82885 18558 100000 67964 56197 86849 48006 73992 33128 73512 74961 59951 92330 93458 68847 83590 75140 34101 72647 91533 16334 97891 81553 53600 67916 77264 77713 45088 95013 61991 61215 98771 77844 78048 63722 91355 55763 73230 83946 21344 89306 79524 27271
56077 85266 87829 87260 88283 94781 58617 56411 57091 62333 100000 41460 68159 72612 93031 92019 95564 34059 43188 42382 100000 22710 77277 55656 70017 100000 52577 87275 52160 100000 90932 44716 100000 57526 78954 86378 72389 76477 62144 100000 90122 84271 83376 76242 39310 67578 63957 52948 47281 47339 100000 37653 56129 83541 58068 48182 52051 50266 100000 61189 85560 77077 67748 43165 66298 94370 73718 46205 41538 97769 51151 65243 83451 24148 89053 52189 82484 65622 50609 88862 100000 56785 44264 82581 79711 65078 73507 55713 69549 100000 92048 88165 54768 87238 88114 97155 35052 49961 43664 66438
92700 34672 46043 37819 73654 100000 95856 54903 55659 61482 98974 93433 32031 72130 100000 20741 97473 72011 70361 100000 100000 14254 58270 72991 58269 97804 87929 21973 53883 94677 20940 43343 93570 40560 48681 41329 32671 13798 57177 90635 52527 26277 87400 58581 24573 69705 100000 100000 81815 93427 97695 41448 64948 67309 100000 100000 70936 39326 63787 34196 19732 28976 98424 70564 39345 80570 100000 100000 100000 100000 100000 86994 49167 55940 100000 64403 81721 83071 71533 19292 99358 80303 96571 53905 77445 76532 74923 38331 41004 50177 20793 99004 46569 62293 73863 66465 72989 64803 62254 67376
79786 88254 100000 62001 55587 55728 79537 55341 67003 69385 78853 74896 63980 64240 70684 93975 44766 66329 100000 40553 80411 44998 100000 72681 23837 58144 64540 99203 73679 43399 100000 54270 91393 100000 88878 77543 100000 89837 69751 81891 52264 100000 80041 80475 83103 78226 56282 39672 51837 83757 79720 55910 92936 38583 31446 73357 100000 99743 87439 100000 100000 56284 100000 52256 100000 69737 57486 34947 54971 52273 53780 28347 79708 66681 72977 100000 69796 61173 43069 83754 57225 39459 94176 93363 34416 21781 45448 96711 85044 82698 84750 52881 24650 79618 36184 39805 100000 91431 84253 59230
68794 47520 96363 68794 68793 68795 88402 56640 67254 96927 57850 62609 46033 100000 55612 69397 85628 67808 44498 65133 56554 76827 83919 72563 43917 82774 77673 72901 96053 55565 67589 85566 20808 89946 71335 44351 100000 55531 67604 96053 57277 60533 67353 43784 94195 68802 93257 21283 91335 68887 44127 76708 87410 82119 25339 96589 69364 86918 21192 100000 66398 84557 20026 90651 68859 95207 21998 85475 69709 96823 43314 71205 71204 69720 68794 68769 47291 95091 64685 67712 100000 63799 52840 70412 71205 71207 71992 85973 49554 59604 74861 97628 20616 92790 71229 45297 100000 53484 70545 97274
61944 64682 89052 77501 39533 75236 72143 100000 75119 78039 40197 46840 75150 27788 81280 70472 66190 69026 27729 100000 33064 97307 92083 67538 100000 76817 54971 43719 36369 85750 39140 95671 91628 95373 100000 49946 81509 83067 73388 73237 17929 45835 57573 85003 52986 84625 100000 39111 61523 43481 27692 84721 100000 62636 72778 98060 69457 59430 70601 43812 63833 56754 30947 91904 84672 94028 97862 55191 51957 100000 100000 69026 60559 100000 49630 59249 32881 38993 88497 51932 100000 89033 84479 64389 74147 100000 90685 34104 100000 43964 81680 100000 57427 100000 100000 43152 71902 28208 46350 100000
45972 5901 22220 67085 100000 47170 8665 59484 100000 94667 42516 99026 74834 41837 91787 94352 78900 100000 74312 23294 26843 97774 37856 86032 52262 34631 100000 68069 68679 100000 95257 57007 80130 34171 65675 81159 80391 86630 82851 79359 53750 100000 89135 92836 65727 19332 100000 57917 74889 74314 30141 49914 20308 58420 66792 30976 54827 86324 100000 59312 70182 83793 93132 66713 42316 69586 80998 31019 68049 70000 78749 36519 80179 100000 86595 92424 100000 58662 86841 92352 52578 75500 62006 95983 38630 27749 43231 62033 94061 14514 47936 57536 44435 100000 21741 89499 85775 62625 70722 68211
95260 88912 68273 100000 43979 97956 69372 76850 52728 89803 36921 70920 55317 67189 83914 55535 84347 100000 57259 90062 50512 100000 57694 50099 78522 80313 55299 70177 67809 88347 68958 29027 100000 49767 44757 64812 37761 84348 81088 83773 57490 36758 54235 64918 100000 93702 64049 38020 86655 95256 92599 100000 73938 58258 100000 38095 97301 55933 99095 80941 73140 48259 100000 43959 66406 68360 85523 71876 73736 42161 77920 75455 49632 51982 55535 55555 69171 17808 89033 67026 50259 100000 39858 66010 94509 68171 78783 86454 100000 62675 89648 95805 41186 52746 95248 95434 53835 86312 97828 71951
75423 47411 72923 84350 63613 61869 99211 66586 82540 27618 99368 64434 51260 100000 42381 75163 47697 100000 60597 75847 82690 23203 85816 83443 78983 44686 74767 52410 95729 64736 71202 82607 75291 69496 64583 100000 62722 53414 57183 91642 72767 64618 74773 68996 56067 77225 73327 40368 85900 75505 96706 22554 82635 59975 60311 100000 61853 83393 24527 100000 75290 75253 97383 55372 74019 62335 71431 64814 64721 72308 72570 65533 86106 51570 75163 75136 48900 97557 81375 73483 28943 74436 94097 85946 24042 100000 59949 62137 64873 77267 66523 68458 97632 48817 75399 46028 100000 45297 60139 82197
31223 38123 67388 94764 89431 52682 100000 72687 96799 38306 95130 51423 52744 71792 100000 56612 61520 97274 26881 66234 100000 31668 100000 99569 39273 51595 63201 44646 77517 29564 71203 25088 76039 83664 47463 82962 62825 53369 57148 82490 33994 76440 69413 17301 71144 31573 97167 65027 46325 82895 56418 99602 62206 76224 31951 100000 94600 87399 13384 85661 82985 77324 67414 48366 44853 53398 97425 100000 75386 58988 50861 100000 49704 63976 82977 82990 84513 68195 36986 67795 62761 86517 36645 84559 52717 100000 33559 40775 96131 27237 46337 42924 68147 79889 31246 17210 72561 90472 86858 80374
100000 82047 70074 34789 40636 58353 100000 41622 46239 23316 86363 100000 100000 61948 80599 89671 17592 72581 83814 64098 100000 50176 71955 63731 59596 100000 72655 100000 100000 42864 70378 99829 100000 70584 100000 70402 81498 53604 41346 98936 62701 67601 61160 57733 100000 77797 77615 54366 83376 21125 23607 90582 42836 96181 41168 57133 20508 83810 27440 57251 21882 95557 81145 82006 95815 48278 30252 33276 83082 100000 100000 66469 100000 74496 65020 22723 68997 59666 42309 66469 81732 100000 100000 66425 29837 85828 70330 70265 100000 78348 79494 35359 69955 100000 98252 94017 100000 93207 60290 70551
55561 81305 99605 56497 75934 20501 90247 86245 84902 63028 63219 62646 61529 32632 80876 57754 100000 75977 43757 64230 69342 54603 55254 57684 41261 100000 60681 80908 72149 54452 68794 47110 53369 59757 73080 30807 100000 58869 83425 82422 64137 78355 89609 67480 49771 84058 100000 28228 88103 82256 73430 100000 83931 53762 100000 74673 74083 85354 86927 72101 84340 53650 32074 71647 68256 100000 50073 83186 56100 27975 66385 64993 56610 29156 83856 86731 100000 75332 43752 68753 70158 75052 43212 66407 62487 83889 87624 99702 30989 97779 82203 63168 71245 86450 72759 49194 78866 44834 66450 40731
68793 85201 22071 83846 63914 100000 24061 84598 83172 100000 30290 75621 65969 100000 80763 80438 49853 100000 44597 75532 46693 80393 55359 78896 80908 76971 57884 40820 80797 69391 68794 50481 57148 62628 63646 29016 81714 97582 84008 45292 46766 78336 86002 48158 81274 61369 67505 45325 100000 87507 70407 58907 85577 58348 76009 77023 59029 64169 100000 47793 85195 87702 50181 90473 81642 47456 100000 58469 78277 24882 79617 78155 60749 90538 35767 85817 68676 40177 91490 81630 95882 21431 81946 71446 100000 31150 91868 58957 100000 53449 59523 49146 100000 73064 67192 89547 80735 83427 89758 82247
97259 70163 17079 100000 63811 72837 62206 81725 44920 66914 41036 39806 70176 36155 48674 79359 80716 61787 60638 75823 49127 83395 55072 24173 63252 30801 93126 59647 67240 71695 68796 93994 52547 99728 85776 49173 33801 66081 66087 70853 100000 66309 25343 8772 63333 89708 100000 100000 64424 22890 74692 60463 49175 100000 70106 100000 100000 37769 46340 32057 25549 76259 54471 53865 55015 33004 93263 40747 99497 65169 100000 39325 100000 76049 66465 55111 100000 85693 94277 54622 48361 90220 60838 22022 31548 44535 27602 79661 100000 60688 63207 92633 99436 38874 96392 44737 97090 65209 47930 59661
28004 92933 33416 70266 51498 47923 87483 93073 43725 96076 100000 100000 23871 61235 100000 58625 74816 60611 100000 75971 96418 100000 44626 92179 96853 47971 91105 84801 84182 100000 84599 65823 35303 77688 67255 100000 60614 63623 44039 67018 100000 61940 100000 88745 100000 70958 58491 88808 39060 100000 56290 67936 76470 28390 29090 79069 57992 52549 78391 97900 82073 34804 67060 95682 88366 38053 100000 100000 59236 32940 87310 87066 45979 27723 86218 88217 23489 41422 78549 87930 51268 100000 41426 100000 64867 100000 93643 50661 76089 50242 83429 54808 76141 47371 58464 54965 91386 47075 47297 100000
77808 77971 70732 67310 85148 31662 94145 60238 65188 64056 100000 54009 55096 91675 52074 62324 84651 71040 67808 76281 75940 39480 75679 58032 60684 94332 61753 76894 47216 83428 62932 61864 100000 56012 75111 82846 45969 76029 67136 57169 100000 61688 58455 93376 56281 68204 32709 100000 47322 65844 30653 100000 63868 76725 65858 61321 60806 52854 96475 67123 80218 85348 98664 48313 62134 43493 73326 77548 63085 94760 59331 60765 83642 21743 82608 64714 83663 78270 76794 61752 37024 100000 64191 70912 57243 92179 60286 75508 67767 51390 74733 85189 70206 47387 61722 93021 17990 78401 78383 65340
56265 87088 57955 49874 91226 83768 50482 51926 59336 62646 78879 55346 92034 68000 59518 65712 43193 80445 97906 82283 94679 23991 58369 80879 39869 70930 58533 35752 94910 75912 67464 58311 100000 80462 65209 58210 100000 60311 89290 86704 44689 62151 79366 58770 74563 71636 51283 69750 83685 49101 88895 34192 100000 47065 41569 59451 57883 87813 41726 45579 58665 58400 88789 54047 83711 95460 69339 69641 82914 49055 100000 43368 83738 48765 100000 63550 87381 73539 59124 69557 68725 75644 53212 57134 73895 56043 53139 98458 37958 94438 76981 57008 84860 59378 69013 45275 48857 52902 65143 35326
100000 100000 100000 48526 70263 100000 100000 56492 89478 93248 94927 68367 25152 77472 73608 70113 38604 32106 62019 41943 100000 53387 100000 100000 51325 94434 93533 68932 66655 28800 43784 85003 96865 70041 41189 22651 78679 38236 73448 81976 95534 98451 100000 58494 3252 71807 57850 28599 58579 95120 55195 13324 61492 81790 100000 100000 100000 88372 45604 96312 94750 83492 61409 100000 74411 100000 66588 14658 20587 29572 99602 93590 24268 56259 63198 70571 55695 41649 78900 98118 66016 45721 100000 72745 47572 85892 100000 48837 23930 32180 100000 82059 100000 71257 97870 73751 100000 100000 100000 100000
35398 65720 100000 39279 50113 63964 78037 60232 46781 46849 50160 84210 96452 90126 34790 70602 94287 52506 69298 54843 100000 36117 91578 57429 63297 100000 56290 100000 80741 45240 94195 52986 37215 37970 83311 80391 100000 94864 44805 46011 68155 53851 39606 87245 53923 81789 100000 67415 84301 73351 77410 71403 68380 51026 57192 46612 29829 90442 28373 87035 71733 100000 28930 88005 35482 35398 60601 100000 92971 52180 70086 76755 83498 100000 46092 73017 100000 61081 80671 46175 89501 11752 52945 70131 41912 84168 62380 48036 100000 84608 58408 42393 93068 93964 55877 55082 100000 34266 46501 47189
71807 92029 43565 71589 68195 41920 76855 85096 84338 78519 43936 72101 88549 21589 85963 70602 100000 69504 52403 71631 94986 40912 68191 68186 96747 42986 67829 51944 93760 81352 68790 84617 45026 66414 66520 81781 48748 82245 59562 100000 28001 78274 75457 71810 71296 68197 92107 69590 45608 65216 56785 100000 56833 70759 71808 56103 80651 71780 42446 100000 67589 61139 44456 90893 71868 71813 70496 65577 59488 100000 60530 59892 52130 91169 57333 72980 53690 70197 99349 73536 83648 43645 74746 81714 82336 60401 58187 68792 96584 54583 64584 61753 43955 91425 68220 68194 47221 89774 79983 80901
77639 94185 69118 50220 34271 85190 63498 81935 61380 100000 32345 83670 38546 56797 91046 70602 86624 100000 62766 82756 38149 62347 49369 39176 100000 63965 84312 73944 100000 93847 47579 48705 100000 81543 99281 88863 59566 86185 80485 42693 43435 48166 39674 100000 100000 60741 64626 49285 89901 65325 98086 100000 86498 86801 86410 71435 92506 39825 41960 45053 71922 89020 85854 87731 73978 100000 94371 86323 78509 81049 76730 77077 84856 84630 50150 45332 93040 69696 100000 92658 56433 75303 62740 55848 48573 91031 39894 68836 19143 97758 81072 76728 52660 93797 84661 88216 58381 57997 92567 93404
45670 81695 57072 100000 100000 35602 31089 51932 81500 97835 54263 76869 80113 100000 100000 70032 24758 94713 28924 48599 90992 76467 40984 100000 55830 6051 20256 65334 41591 25690 96160 42920 60127 8725 41802 38270 63822 100000 53110 58752 100000 91340 99565 100000 77790 93377 92644 81505 36379 69677 61846 24060 20133 45911 46199 46256 15723 67306 100000 90054 72403 32073 43501 36291 69732 29351 47676 63628 99175 53869 67139 50105 14044 92988 100000 100000 36739 30957 63590 42766 72282 72882 38443 100000 81758 100000 100000 100000 75971 67737 44266 88596 44087 33135 67354 100000 83024 30005 67921 32304
84548 78925 20363 91427 44223 60945 100000 86986 44127 55568 81960 70560 62086 84145 59940 75203 38066 100000 73397 89724 96475 47531 96698 56061 65403 91721 91110 75462 56438 82750 71205 89358 91773 88490 58988 59749 87741 49508 88805 47891 100000 56045 25209 62649 47305 49552 48366 100000 62287 74613 86045 34716 96172 75264 77641 100000 89733 96829 89251 22694 77997 100000 100000 55393 79487 70069 94740 34359 54490 30306 86626 85238 89109 63320 44930 55684 92943 71252 45966 60743 95666 92895 92693 35249 44687 78540 55459 51065 84300 28280 67625 89733 64531 37035 47209 63965 86752 68079 55058 75246
65398 50135 100000 74154 65238 72779 92503 56857 72948 44147 95425 65343 74170 98347 46821 74693 89370 17820 84420 64381 100000 41175 74567 65376 99150 32384 78158 96391 52008 64350 71203 51296 95522 68737 60025 100000 62827 53297 57250 84553 65346 65297 65198 38556 100000 68107 84612 46700 80089 74698 61435 71362 65410 65388 41578 100000 61829 88102 23098 95235 74709 96668 71755 49631 74632 41602 100000 54543 73651 74575 56143 74199 56628 88656 55570 77611 81594 47498 84149 61855 55675 77596 90470 66056 99184 47567 75355 85989 72891 40082 65309 65332 65306 72601 72790 62839 71070 65739 74535 40765
82433 26516 67079 47371 87495 31035 31902 79695 69251 28133 74609 100000 71847 28964 80248 31913 100000 80036 52577 63994 77488 43582 33661 100000 55360 86764 64810 44141 93797 41257 95872 99784 42642 38822 85740 48019 68273 55825 91987 93646 28396 88827 71184 100000 92616 95321 57000 92577 88006 74706 68393 73875 56779 56779 79815 84250 75980 52671 12608 59553 55591 32404 30060 84281 83251 57154 100000 53271 31394 9679 70380 100000 44367 33845 79379 83765 84457 92549 51029 78911 100000 100000 75367 90067 96541 69753 75259 95745 72331 61715 53819 51504 82781 100000 68165 88195 75071 100000 32991 61975
49519 100000 93595 38653 51271 92555 52990 65032 83972 79590 80295 40909 72654 34460 73615 100000 40012 43123 62352 86580 100000 100000 100000 23830 47655 91961 85105 37327 100000 71919 42388 100000 76253 93198 93866 78431 100000 65842 46945 97570 83418 77868 42897 55637 21732 42169 31721 72580 66988 91830 64569 68033 100000 73407 68109 24230 79591 100000 84701 94370 88925 100000 69969 86970 22423 28389 95475 82263 100000 94108 100000 46403 76532 62377 100000 23415 69642 63691 35088 88181 66992 39337 14819 55198 41805 51500 32961 59698 87835 100000 100000 87285 68029 19739 67099 40850 8319 35606 100000 34527
82550 71760 44533 82564 78495 100000 29552 100000 81855 76732 30648 74162 53886 97769 79385 52591 56737 78047 85764 55385 55835 57990 55365 84819 100000 43210 57562 81813 64427 64738 68796 68440 58201 50238 52644 43165 77988 86630 84913 15436 71051 80514 85719 60266 100000 70673 73461 69117 47008 50324 65464 38263 83050 73014 100000 29858 78929 92541 74282 44803 54950 52615 35933 89469 87573 85785 73005 54747 62758 36084 40215 77168 87946 47453 84120 90351 86054 44046 83233 55133 89611 48755 87324 87123 46930 100000 59856 54997 28128 77817 54882 50307 100000 78917 67114 92964 86375 80125 45887 92752
59976 44915 100000 76767 64586 49614 92814 81826 59513 39674 93269 59008 58761 33716 83159 57879 59464 59531 64779 74757 38843 100000 57218 81723 60249 80521 80313 78736 36320 69309 68794 51401 39709 93895 63254 63624 57531 84749 82264 45004 98366 81062 60986 99209 58298 81043 39996 84275 52934 64247 72317 41682 87063 71953 23579 100000 61978 94216 26196 100000 66568 51790 58096 67073 86150 86248 60093 42580 57111 57679 41976 69132 90006 41924 62763 82177 91711 20286 98234 72441 49504 67306 79214 72324 81001 78789 60056 76791 65815 71482 65385 73444 81896 74109 67113 57335 100000 51386 58995 59943
60236 72668 38885 28248 95211 67075 100000 79365 60587 20915 89170 82049 45293 100000 66823 60670 66335 43179 79860 76001 16555 100000 91825 64683 84872 67518 25807 100000 57448 74573 70530 100000 81292 100000 61810 69000 23976 47791 79595 65494 44300 47110 95731 41964 15028 53852 100000 100000 100000 41605 64400 85474 47209 82359 55339 72669 61020 28526 55143 100000 96544 100000 86919 69328 26482 25265 66899 57618 100000 100000 75125 83645 59559 68106 59670 25375 87507 51392 97986 68490 100000 100000 81052 84111 77549 55142 93760 27012 83751 74192 96209 69646 52778 41637 71247 76071 53766 37038 87310 64967
96882 78291 53679 100000 44871 53648 87972 47033 93184 91627 100000 66300 83720 100000 54063 97485 99746 92361 100000 73234 37179 59351 27260 75550 65477 43689 100000 49978 51540 100000 71205 65701 37133 62511 100000 100000 73821 92384 59049 100000 91096 62112 68748 63767 74621 56100 46459 25023 68799 98066 58685 100000 100000 74695 93266 100000 61441 96449 65524 39711 42540 76903 69622 62737 100000 67381 100000 79462 27954 60934 60638 79035 91406 62097 50963 96164 100000 51681 35051 82187 48517 44377 56030 34990 98329 73759 25527 100000 100000 35977 58853 70621 70453 74608 87874 96175 70433 100000 38991 79855
70562 100000 44852 66185 76386 49469 44838 81435 59395 83127 49397 77903 93362 68032 28841 70036 55320 91885 56778 64092 100000 51274 78003 61970 100000 63580 53357 83900 15784 75961 70633 55549 91553 61054 61699 61700 84364 55497 59513 87498 51409 62332 91592 77539 36966 80662 55737 71232 96515 74195 83497 60439 43961 49723 64402 100000 62365 83053 74642 56039 68154 41605 70598 89482 60643 75237 78374 78973 78931 51607 100000 60653 77705 51380 100000 66460 54754 90109 42290 58196 87941 93848 45742 78497 66076 82010 67380 42929 93641 76632 61708 77941 69871 60576 60576 61524 40299 81555 79795 60924
86969 52991 82214 44308 63821 100000 59118 58050 84698 85383 83671 87564 100000 43641 48646 53055 45368 71751 80325 64270 100000 21703 70404 84421 63334 100000 49434 85685 63109 50651 53083 89282 67777 48689 83378 83526 60502 82704 50972 24609 64921 77530 61250 39106 82588 75243 40447 70343 100000 53351 81377 59850 82996 94432 85219 37713 95441 74574 68166 48337 86867 85750 46978 73504 49652 55284 42641 90874 84363 30009 100000 41231 68952 34657 46763 55814 76757 45098 85518 83380 89759 100000 51357 89437 98717 38648 55346 50153 76801 100000 83529 89835 69722 49588 49588 78206 100000 64879 60953 100000
74864 95796 100000 84347 40643 64375 74703 39063 55059 20132 72698 43771 27290 83907 100000 91606 34530 29722 60577 41014 74525 21360 100000 57912 7392 53657 100000 77058 68765 100000 91242 100000 96130 80539 18041 72502 43932 57531 85461 73012 61595 78527 79674 27798 94166 97550 100000 70923 43507 89068 85487 55577 52415 85976 100000 42355 57217 74560 86243 35559 49491 76681 86424 100000 94490 47144 72208 100000 68964 82432 100000 61463 86237 79979 58243 94986 82853 60047 76534 50152 56292 61188 54130 74053 100000 77809 64619 79806 100000 60630 21192 21192 28235 83065 100000 36493 29745 13336 60064 92953
56020 16031 56918 36845 82879 44181 90978 97447 71038 31637 100000 63073 100000 85996 37075 58893 97618 80046 100000 95675 100000 38980 49178 91506 63296 76888 34736 54953 35382 88037 69157 51901 56020 55632 100000 57061 41834 100000 63370 92424 65256 66843 100000 45732 85043 45069 94882 70895 50044 65242 53482 58943 92690 53497 48569 4484 67125 100000 100000 49545 61724 57198 46691 61416 72851 55439 70370 44685 71937 73429 56467 100000 70125 93746 77750 83245 89487 70125 63725 73485 88790 75801 66632 57070 53530 63676 95181 36339 76428 23243 100000 100000 80194 100000 34688 98016 100000 100000 53125 100000
67602 62923 72397 67700 65922 86227 52417 83397 73941 98043 57844 63205 81805 19537 84690 72999 99652 66375 55652 75713 30558 98069 72301 67678 43665 99014 72389 67817 70387 62283 71192 75895 67585 72997 72868 58594 70766 69857 81623 53812 72415 71933 52652 100000 55862 68192 60188 44389 84549 65412 84421 92038 52595 57868 89190 72418 72379 67801 40761 82295 74833 99375 43484 61649 65919 100000 66178 56747 66748 96492 42407 68276 84056 22024 96576 67590 71975 70018 74299 73476 56468 67579 70515 77502 51063 51606 80840 88816 50323 60018 71203 74033 42427 89594 72417 93220 40661 71004 81716 56334
84673 100000 22740 77548 82638 24893 89950 93325 99155 66584 64603 62648 43856 100000 48020 55383 44080 99211 84578 65256 100000 32556 89967 85803 36868 100000 70136 39016 49297 44559 49301 70211 37736 77300 36640 57369 100000 85069 92917 55131 100000 70198 100000 87515 37351 71466 70174 7162 91376 91528 100000 47673 81259 48145 100000 83688 68752 65898 64453 78925 79644 99826 53108 83257 91551 60344 82274 90022 85329 52005 95557 84738 86244 86335 46397 60024 50308 81919 42098 48424 40956 60114 30065 71797 62421 69945 100000 60749 100000 81488 66421 88283 26797 37980 52711 55498 55203 85542 99923 89198
20026 58964 41230 100000 100000 80536 89214 37685 19712 58692 100000 94305 70615 98424 79310 70736 36403 58866 7200 39356 79313 50828 53094 69597 60214 100000 69778 100000 100000 81997 100000 100000 84113 82189 100000 79059 52454 52269 69510 42526 97237 69973 78191 84882 38918 96427 92303 44776 48759 46921 31695 21800 100000 76920 44378 52075 40244 25930 55126 92860 95857 75412 68842 70597 69265 64823 100000 70978 50010 22950 45055 25293 76884 75739 90904 69885 70699 100000 100000 70765 58554 94803 65377 79522 16529 19501 19990 52429 90739 61878 98254 100000 69999 98894 92476 100000 100000 59687 64431 97434
96882 94324 53811 64882 49307 82841 66534 64277 95071 57452 80386 56701 96042 43044 58401 84658 92539 100000 62879 91271 58694 95872 83783 54881 44090 80174 82722 36352 100000 38657 55387 23563 49499 70518 48109 81829 32060 81459 44500 32731 73260 72129 60901 88422 43238 57056 99700 100000 81959 74634 79582 81672 51671 100000 38576 96435 90809 50980 63483 88479 49063 54231 82161 44089 49530 31993 100000 52436 84843 64517 76248 100000 73476 23052 88880 66611 33168 56614 89060 90494 71623 100000 87019 85336 74098 100000 81395 48954 78534 42609 52292 49051 30468 77374 61224 56542 67155 29970 46105 63026
74154 41873 96690 65860 65849 98654 46806 74085 74152 74094 58908 77037 78248 74042 63657 66571 100000 42227 66474 74135 67532 65945 64186 61697 100000 44333 73705 52177 100000 42951 74030 66714 91748 49823 65724 72538 92714 55473 64697 65871 50684 74683 94861 25070 98414 74032 74147 74170 79596 74697 60969 93131 55090 73064 98332 27471 79453 86468 73243 56036 67530 66413 70113 72345 74025 86744 44002 66159 74016 41026 100000 64045 54447 68680 97735 65934 87329 67694 42345 66533 59820 98116 66257 74029 47076 83538 80839 84846 76861 59739 66327 59755 65860 65916 65905 65862 89094 53534 73345 100000
58031 100000 46291 100000 100000 41181 44247 84383 69058 65077 24427 77128 87084 76206 22173 56159 47830 100000 100000 83490 40303 100000 71217 65262 36531 90442 83118 76845 100000 44502 59026 44619 68391 88285 86416 72494 73594 45521 100000 100000 82616 100000 73751 56260 90865 56537 74543 63319 95483 67017 47522 66309 56686 66283 75188 68871 79497 100000 79589 38341 71568 68774 83340 100000 96163 100000 38512 94849 84177 100000 41223 38684 31840 85310 53644 59036 71274 100000 90630 94804 40598 38190 95930 41876 10651 99148 63903 100000 99818 27216 72323 44451 77101 64576 84352 93419 76741 49327 24517 88631
70000 45118 2366 62064 44808 100000 90618 65437 98523 96300 65672 71879 32510 75688 100000 96954 74646 95217 60601 40774 91403 100000 36238 71611 37727 95891 39982 36525 78168 63968 70325 55072 75142 91328 71567 27588 40433 100000 30867 32832 40506 63261 12797 35336 77828 68187 11114 35601 71378 65358 100000 98113 57164 96630 60283 60388 96824 70020 69489 64517 93285 48743 57359 100000 63823 53393 24506 59445 64193 100000 66367 100000 100000 100000 41075 97922 68440 73730 64369 44161 74834 83343 100000 83431 49479 100000 42575 55622 100000 33186 73592 99342 100000 86783 49902 70486 84524 79364 100000 97438
67321 76750 85839 77679 63956 95249 28066 51807 51807 55497 74239 63252 100000 20247 68118 73280 65784 51693 48861 64455 69241 83791 67123 56653 63798 100000 65584 83039 82657 69998 66153 53075 80139 84464 64836 98469 62579 87055 89148 46999 89731 54934 87326 86739 92042 65567 57801 94169 48022 62765 100000 64666 58208 56365 54179 52103 54921 99992 44542 42269 59511 96283 39535 54036 57160 40962 99891 81436 57060 80082 41329 43310 66732 59504 45152 69689 81784 35331 59435 70695 31824 67748 67919 83291 36541 87471 84812 42810 100000 36518 70656 38722 100000 40450 80012 60869 91384 51279 51786 81069
59505 69831 72179 65579 76334 29981 92469 58602 58602 73059 91825 62657 58324 90676 52309 81097 100000 15135 83478 75926 30357 93413 58519 57621 95405 80912 80005 52875 66747 93027 59491 46915 72273 84464 64836 100000 53918 80663 81397 65595 46936 77806 100000 79480 45254 59494 100000 21458 78716 59548 43090 80281 95145 80629 91431 50095 59785 50793 84985 61655 79601 49525 100000 49391 79523 62719 80782 43011 68115 81382 58493 57925 52542 63844 100000 77476 54768 58804 58745 59540 59135 80292 42949 59638 93351 26570 80902 81986 80645 88115 55963 52154 84467 37932 60356 77206 93767 42209 57959 47890
59845 75276 100000 75055 98710 83920 48932 94885 52153 87533 87695 94920 23546 32290 84045 79878 90317 74732 100000 44499 13146 90101 47979 56621 96365 39705 79737 52536 100000 77604 87874 88107 69180 63367 72367 35312 42419 41777 25347 89098 70489 65908 44056 64445 38683 59841 19086 72757 100000 90468 79298 68428 68764 80882 92126 100000 61396 74338 53779 66608 51236 41199 100000 85711 77163 90616 50267 100000 58848 100000 99375 80286 75889 36072 49930 25038 63997 100000 98704 100000 68786 60269 92205 80118 74082 70779 44835 15604 61045 25292 100000 72145 98160 54001 59839 76970 78182 58761 93427 22192
100000 73909 73577 35209 58929 100000 51096 75702 100000 72488 26838 26936 73219 60265 100000 58573 83322 36240 20447 95281 87502 100000 88545 63716 100000 60222 58969 45227 87985 37562 87069 88953 82666 75624 75218 92083 100000 76220 98892 86769 64387 47506 57842 90305 100000 97448 100000 84969 32867 72274 54999 42520 83739 28396 6516 65182 65903 76676 92076 100000 67576 40863 90114 54867 40997 100000 46475 60704 75809 55326 44500 65889 69343 55698 82448 100000 41350 77793 11027 26809 91811 69520 75547 76497 63686 100000 77975 99413 100000 55457 60056 40162 92430 73607 80086 58034 50784 81362 58628 97149
59878 92705 65551 58902 59742 60843 83339 55469 45838 91800 79499 78475 60316 75815 100000 59958 83859 25931 93629 65016 100000 24242 86312 84153 45591 60395 61731 97045 46767 61027 60541 46243 91142 65970 75279 48896 60339 63610 81351 25787 99172 79922 87292 20680 84307 72472 90688 43912 72788 64642 74764 43512 85029 80952 79080 61131 78299 55954 100000 47242 66921 41178 90728 67964 74026 50582 42970 81952 60388 60249 80421 80181 97932 84925 63237 57588 70575 79255 80121 80121 96264 63418 50175 49429 56485 100000 70059 57735 71729 64342 64819 83699 100000 51313 75906 100000 47169 76356 70124 100000
50386 88577 37063 60131 56635 63179 85045 85146 50487 40524 95050 56403 38244 62770 87447 67398 70754 100000 71294 86073 87958 100000 73698 85648 98294 30735 90724 93877 100000 67338 65680 39235 86760 57129 75266 41203 61665 80929 59424 97168 69700 81478 75513 14276 96331 86522 55191 83583 46412 48781 100000 60725 54388 77763 56548 70095 78738 57029 79306 26604 53466 88390 53015 76575 66227 100000 55208 37058 58505 100000 28894 79375 60994 77188 74765 69646 84602 48862 89613 89613 84643 27323 55538 59541 62450 22642 98533 54408 54347 60683 83423 59172 41802 97992 59396 72534 59453 85872 64454 59587
91591 90525 55842 55048 100000 60955 21969 74606 83425 94644 83142 100000 71903 100000 57434 43279 28006 71392 18833 51921 34634 30087 68792 21776 84705 79253 46501 61998 83174 87637 96488 85159 100000 100000 95750 100000 69240 75074 92187 86189 37442 100000 74259 65020 100000 47300 96236 47205 51131 100000 100000 97474 51971 36543 50320 80234 46235 54599 100000 62868 64649 100000 50667 19165 65875 100000 100000 98802 59092 100000 83528 67749 100000 100000 39044 69306 100000 76274 27760 50549 64530 51259 100000 89760 100000 73079 59313 100000 61854 88316 23742 100000 84850 89839 90915 80473 62024 100000 94021 89212
58858 90627 81119 74458 28443 100000 64221 32940 47656 100000 62986 26738 51059 100000 57035 83709 47198 100000 95240 86098 93981 54786 55140 100000 67740 56546 64379 38992 39954 57182 56194 49847 35822 29279 39745 95854 39017 34486 55889 93245 39813 43979 99934 77584 51782 57341 77673 39980 100000 56324 56194 82248 66104 69186 81308 100000 93138 90793 100000 56863 95319 40881 59567 90119 65933 70548 62351 22632 61847 71545 75859 59716 18279 100000 69521 78570 21029 98821 95910 84078 77665 52256 70743 63779 66810 49820 66257 71718 31295 100000 100000 89316 53842 33376 78227 71152 32787 46170 46894 79816
73037 67708 44925 89124 73210 41942 96213 73033 72987 68872 82612 66215 84243 20567 100000 72435 38842 100000 50415 66841 71844 90673 53128 65585 96385 28641 77667 71157 70518 72214 67014 92369 45577 67389 64686 57041 98278 72861 67073 96378 58485 61277 45894 100000 46065 73031 48011 71281 90104 67081 67011 66994 64535 55921 59396 100000 61124 63668 93807 32082 72435 79979 46961 84602 65971 79491 48308 91080 81449 50808 83893 60574 69743 69309 67012 66988 48219 100000 48582 66924 97162 45990 75816 79910 24192 100000 62209 54193 63382 92161 67008 93563 45133 60098 64125 78048 90993 59556 78696 83134
98333 77959 58885 69543 49319 54742 79833 85312 54680 75539 97282 69478 50845 62532 98206 98279 91408 29159 86867 84787 95626 77662 95088 43474 78946 69511 77222 30766 100000 74574 84670 92791 50615 72464 48152 82191 70637 91623 75057 78974 49643 90468 42050 87206 49683 98325 50582 100000 85980 58930 92098 69472 44278 72005 76099 35029 76722 50829 72560 46009 91717 98327 100000 58002 73309 72307 72116 58110 92155 78359 40431 61215 88397 62001 84669 84681 69389 18097 84981 41710 50381 100000 40745 48742 71331 100000 87314 58754 98191 20963 41676 56072 90884 70691 87022 52934 88372 87524 62922 74628
69790 82041 68598 55560 63601 71025 77285 15674 99299 34066 50472 87428 48524 93973 100000 44597 85963 20262 89391 69967 69790 43342 27186 64063 48081 48957 77693 100000 87893 41303 20003 53443 31255 100000 97856 68195 69681 71876 100000 86108 88772 70147 100000 69356 62631 20004 64718 70413 36633 69887 57228 83410 70225 70102 70087 47986 53405 31579 100000 80616 43698 18794 68684 87523 96927 26902 38287 68608 20509 93169 100000 94778 55276 49425 67426 18560 100000 69895 100000 68509 96304 100000 100000 90398 34379 33573 20173 84240 100000 100000 93323 79549 57915 76508 72679 37526 54632 67560 40583 95925
42309 71358 73765 51149 84572 73559 100000 98753 76872 70574 96583 35660 53771 84013 58923 75968 89847 30075 84351 42507 40096 64682 94393 78942 62868 79293 76264 47053 36404 92017 91274 99537 24884 86598 68443 41994 74373 62760 54533 23464 77111 55813 79100 20203 98328 97694 95110 64610 57927 67705 18800 90410 93196 59166 60236 89256 100000 80504 100000 48594 61276 74155 72613 54315 42317 85967 95845 92695 97701 32456 52494 58583 97591 65392 60329 95196 59443 27924 52420 94182 96852 6881 62695 55052 79125 100000 93583 54059 37846 99484 60527 100000 22760 68394 51246 78175 64953 48873 83114 29627
66469 66534 92958 49621 63324 54828 96092 75146 79413 79851 45569 66489 73100 97865 46694 73491 73497 95602 50386 66299 40395 100000 57595 56502 58626 100000 62312 62600 95064 36184 71243 81179 70247 66518 66510 95168 43948 73484 73452 43716 97534 73417 66833 41869 94873 73535 92655 20097 90038 66605 94963 64528 56026 57921 60236 97736 74074 87141 72784 41848 66494 44644 95235 72899 66474 46906 78489 85658 74397 68370 51195 78762 60103 90761 56455 76513 52443 95013 66939 70038 84982 50849 85879 67304 71693 71698 67377 85771 75821 32635 70078 55110 93038 59887 67073 56162 95568 63289 57221 82546
100000 65019 88663 98702 74542 43569 93312 34091 58037 41897 51325 75763 71512 64558 89774 83652 39100 73561 47114 76386 100000 59195 67171 43967 46204 100000 94153 96533 67719 30757 69192 73275 67624 60405 76976 100000 86730 83653 83653 46710 88166 33317 88712 84191 59353 56989 84746 28502 46077 77565 65263 95756 20313 51081 64852 96782 83816 97472 72468 59862 100000 62002 83536 39141 100000 41401 68916 84344 34606 27437 73318 47136 93730 60840 100000 33831 51873 82338 37600 32736 98279 60789 36943 64012 25524 39384 55933 58841 72894 35185 85155 100000 100000 81893 44359 42985 83269 97496 88306 93256
64249 64606 72317 37538 71647 59975 92724 92256 80338 98022 100000 41956 96138 59140 36800 64250 74432 96873 49334 68350 41117 26004 74830 100000 69077 92256 21889 51859 75405 68937 90529 100000 61503 39816 64644 78239 49662 21959 59300 68228 77303 99852 62785 99329 93466 90153 92080 68416 80912 88368 55969 100000 84181 100000 63416 26995 46370 30231 71933 100000 21681 32448 100000 100000 21725 53843 89846 58271 72105 54974 100000 93348 33656 0 68926 76879 78312 99003 76093 95695 80251 99052 100000 100000 100000 80636 99868 41511 82124 98281 93555 83714 44227 43137 76820 41867 75172 63936 100000 60193
56899 29674 92883 82495 63549 100000 62490 59565 96178 44457 71743 76181 51977 89467 47229 51018 85443 100000 59770 78460 48662 100000 54999 77034 41812 60899 88593 68216 100000 85479 56899 53476 45142 96358 67973 72383 68602 85532 43571 100000 29079 78039 72221 65566 44636 51013 31363 72110 100000 54240 41003 100000 57414 55649 95306 31691 78859 100000 45098 62599 88981 87094 91938 33328 82876 35793 92655 85662 75544 75886 100000 58107 85099 52144 88354 86113 91851 72486 51471 63687 40488 96878 33272 43304 100000 26026 80119 84971 47690 89613 53834 57169 39280 98451 91785 39182 100000 84372 60225 62983
79143 75885 66119 56579 63305 58008 77941 81395 59731 81344 59771 61119 87038 52714 77065 59316 100000 31227 99028 80137 100000 66677 44260 46703 100000 45421 80267 53294 72921 100000 79141 47819 90753 62288 79842 79399 99566 68228 79636 79441 58223 61819 56279 39226 92423 59311 45925 100000 56406 73794 31880 100000 62503 67126 97230 92704 61238 58000 45130 100000 80695 93433 40296 53177 56797 100000 67453 62307 59480 60615 95196 60159 79871 53257 90700 63846 55397 99807 77470 60064 59326 38630 72492 59988 52403 72685 79161 48261 81163 73324 65694 92833 74608 49811 80683 96044 61486 44405 58763 48436
53463 62427 73364 63857 95378 52933 100000 100000 100000 100000 72828 100000 100000 85619 36740 100000 65697 0 74590 80658 43926 35387 55329 55921 58569 72914 26584 88850 54848 32672 26393 18469 76380 63045 57384 46744 87348 22701 63520 100000 94063 94993 100000 44902 62101 60801 44439 99541 78262 98201 83922 46933 23407 76730 85726 35127 41055 100000 50366 86025 51674 28118 89275 100000 82461 72673 66957 59846 40731 80086 49330 93474 83095 76737 35631 89519 56809 100000 78745 59476 100000 67769 64476 48013 40183 97818 46315 93401 79414 37038 71712 72648 98508 27409 55574 88563 86063 100000 100000 89857
70000 49999 71341 78620 44797 54578 98040 60840 68962 65845 51439 61431 49818 81314 54179 43516 100000 33894 65949 26464 89917 90271 100000 81341 57482 100000 82421 50577 75518 95589 100000 74089 100000 90358 75342 22876 80096 100000 58952 56893 34074 59543 59543 72051 100000 100000 100000 74806 13768 59443 100000 75670 90475 23932 94337 65233 99184 62019 43082 77949 84843 59569 72914 23906 50335 50534 75667 66903 100000 85738 41031 79547 67426 73090 52888 71405 42248 68387 70008 97999 60738 44176 84569 100000 57209 100000 100000 100000 95242 83175 55989 17754 90588 70201 88741 27599 11032 60999 47986 42720
70796 83754 66606 55020 76991 48728 59896 59881 60849 40447 80373 67385 92872 41522 52224 71399 100000 49142 79955 80877 97649 20135 73382 80177 39437 76703 88039 92201 73559 53698 57975 39082 76676 100000 75340 82747 39529 57258 58206 94450 74535 59184 60846 60566 50393 60969 97855 49551 79167 60782 59460 83197 52150 68668 83358 46801 79502 62920 98828 52226 59174 77321 79839 79902 80067 46004 99970 82180 79613 25941 81168 80753 79966 17607 100000 67043 73339 45816 88067 72729 33648 100000 82326 69094 43756 76063 50896 72157 11606 88282 79268 80938 80385 79200 60769 77683 55055 82344 61468 93897
85934 58435 76547 37167 85846 95898 59313 56260 93591 65956 68481 74270 89919 48889 83098 86537 100000 76927 60035 94307 36541 88463 49891 45116 91963 66909 80204 57463 82757 53181 51138 81118 95813 34332 64933 57919 88908 49471 58097 78645 55599 51788 98459 61479 78137 51242 54807 93105 68786 82965 56949 72680 40000 86978 100000 45203 85482 36370 100000 44952 51180 56400 88434 58780 76777 69419 55839 54814 43615 54357 100000 86794 84395 20349 84575 72833 100000 77001 52819 57526 79290 25372 84869 42881 100000 25483 76338 54967 33389 79437 60496 100000 40553 100000 83071 87915 95577 42261 77965 69127
21747 62510 100000 59135 52819 88186 94038 91199 72397 80627 72385 40977 35792 33513 69809 48644 31281 30435 36246 23917 29371 100000 82369 66819 65867 25283 45672 37758 78669 100000 100000 70521 46071 89401 64768 57022 100000 82158 72495 100000 100000 100000 67106 9708 63726 92332 82009 81010 51967 21796 100000 100000 57348 21856 86060 85121 43812 100000 93920 14775 65654 54947 76623 71573 41941 100000 85257 72760 60527 84357 100000 43703 83667 38593 29746 73000 52056 59357 77319 65464 67310 4780 84738 61275 67753 63577 47855 100000 64607 47511 90252 45343 32027 34698 75844 30227 80664 100000 100000 75183
83612 34530 97629 100000 87112 45239 43978 54448 22949 61378 65577 87709 37570 76111 100000 69597 90496 86941 99177 100000 59884 100000 48978 100000 92632 51516 93826 80529 53786 69297 33188 81157 34098 95371 54148 52678 100000 62490 90345 59598 19136 26939 82671 29835 76073 59901 52893 79354 84457 94469 46483 59207 100000 97191 51513 71321 74289 43667 73976 69813 100000 78437 79036 93940 80250 66843 52667 94598 84344 59813 62851 61199 91719 100000 72735 84084 48244 60182 93410 84226 100000 33876 72662 84038 42411 93425 93629 56684 96589 89008 77952 50456 100000 86001 33197 71569 83090 23034 55787 60873
73570 73581 47007 85275 66621 95545 41594 66577 73533 98449 57887 62583 50588 68238 84415 70602 100000 20239 89171 66526 95360 43927 71610 57886 100000 58115 61923 51431 100000 43286 73611 47749 70183 86769 73736 44824 77173 84379 67599 98759 46868 74101 87675 74353 46116 73564 48114 100000 43982 65218 85334 71049 68964 80977 25310 95979 65911 56400 66582 83411 68766 100000 44802 66994 73566 42259 93529 66607 73493 98142 59206 60533 63334 66374 66438 66386 72974 46918 97991 77139 62142 73678 73647 73609 73577 89259 59181 51196 100000 52747 62775 84302 70262 48713 73632 48735 78866 89845 67048 93339
55354 76791 23717 49605 69472 74910 86730 86519 100000 78160 94073 41617 52119 100000 81019 70602 82850 8674 87653 42701 90631 33860 100000 80235 82232 34386 55733 93401 39951 54034 75334 59447 100000 72489 81194 80947 52863 91042 43239 93824 54624 97532 92842 66390 47796 55356 85589 95262 92628 73920 24145 71852 95322 41077 36231 84502 85192 100000 84916 44423 42668 55564 100000 82325 55373 77458 98372 46627 44993 99256 70024 78279 61230 23980 100000 60825 88731 25351 86288 73570 80581 100000 79389 66831 51205 70178 79016 85671 12556 64438 42216 68922 26179 45180 94866 64979 93418 59186 51168 70502
94838 100000 100000 87579 98237 61998 29676 76540 46230 62743 75416 94788 86094 91303 33219 44835 78085 56625 100000 97912 94231 43093 70155 70464 69624 62397 73950 100000 86940 100000 70015 59208 100000 50359 69798 100000 73207 71595 100000 100000 50796 20239 28860 39618 100000 93922 57637 44087 74992 97447 63110 83989 59138 84229 85075 100000 70283 30479 39065 68660 96047 76885 100000 33479 67561 21773 72841 54512 68925 65328 21601 79778 80969 46132 92048 93663 68588 70679 71934 95192 19814 42482 43314 59884 100000 86352 100000 100000 55381 96364 100000 81027 70181 100000 42300 43665 67712 71593 100000 100000
76912 37389 100000 44577 47651 96165 27187 58333 60429 75273 46783 75758 54836 80282 62726 97949 90787 78089 52158 74767 85955 60684 31157 66071 59855 92442 84838 59999 28921 49355 78008 60873 65746 27762 57667 58491 45690 46928 41487 66290 30284 91221 100000 35460 100000 61285 83954 33135 40681 55305 38354 71043 73539 67539 68034 92730 41862 91027 47940 75799 65267 44709 100000 53637 81260 82797 100000 57367 99055 91659 34162 71839 86721 55625 45867 48126 54192 100000 61758 58475 77431 59094 75000 54773 100000 43841 47566 54827 73732 88140 45474 87123 58275 68043 74036 100000 87179 88217 33436 100000
72889 55845 94940 62575 63482 86125 91157 58405 81210 53198 86545 63216 84066 20563 94097 72911 72909 95298 45537 63933 59604 98233 69187 84989 25250 95978 67132 67094 70452 72867 72891 92964 20151 84236 61951 79991 88141 55468 65921 67094 83005 61738 63530 70542 82302 65308 84363 67354 47209 72769 68146 87588 52303 71770 72887 71482 67668 86864 46287 67113 67125 94214 47539 78561 71227 59944 92743 51809 58629 89106 71416 67113 67132 40160 100000 66966 65793 72900 72884 72867 95642 41899 67113 67108 98453 61663 59973 69881 69270 56010 73548 58023 100000 44381 69977 100000 21434 86464 67756 71441
34062 53713 34104 100000 38968 47765 72331 80408 59407 29980 93340 74659 60327 73666 100000 84350 71561 100000 51388 93742 42082 100000 100000 51306 92392 77890 63153 100000 96305 63555 83843 94170 28928 51550 100000 100000 100000 89780 46678 100000 45435 75608 59358 80337 39607 55871 52088 87862 100000 34194 94174 78601 67482 67501 67184 28423 88065 61715 54075 76956 56174 100000 58487 79408 78239 50396 41876 100000 85015 100000 55420 72512 64508 100000 100000 94429 79226 25450 43781 86766 45728 72297 70878 100000 43115 55895 60321 45854 22840 100000 67496 29341 41898 37680 60926 22607 51534 83312 49040 75913
96929 100000 63394 66252 90412 45944 63379 84524 84573 35326 41455 52521 73541 83108 73574 65109 27718 86631 65239 64709 35564 70530 63154 41088 66450 36671 76966 49699 64451 22790 42606 58576 54185 66871 64704 29613 36254 63376 84843 100000 22368 96596 92240 100000 78309 74556 45289 57669 43269 100000 62103 62610 34527 71220 72226 60287 71458 53815 100000 100000 95994 50414 47780 60737 87559 100000 45962 58664 63030 100000 73295 67333 73668 69956 29132 41940 86456 68976 100000 65558 97395 100000 66062 45386 100000 100000 60580 100000 56232 100000 89469 100000 98324 100000 70670 56632 68095 56330 66136 100000
70000 82417 48523 28857 66696 70820 89314 83671 90486 100000 47927 83247 40531 77994 51741 50247 43964 68521 88546 53875 80492 76331 56803 83346 97285 59280 79063 50518 100000 55784 72056 74509 100000 67982 53158 77174 75256 54807 55453 100000 51377 56274 54982 85715 70369 84887 40317 98270 87228 54770 40742 100000 69842 55409 60969 100000 64159 51174 79197 67092 64362 38499 85293 51800 52881 99513 22058 87766 68186 36260 41697 75489 38835 93577 94187 70344 85222 35097 43957 46868 43449 67341 85580 58052 97781 48994 62993 33041 54988 89333 56700 86204 37776 50951 67107 92301 86669 85792 77229 100000
70000 29394 86029 60988 79232 46267 78520 81794 68674 64845 79998 68409 81942 99713 35312 60619 91724 15508 94371 75378 83019 65739 66444 72352 42848 48164 78587 91735 74182 47277 79320 63208 70106 73748 64108 49957 94316 78199 60833 61455 65194 78219 61824 100000 67444 72430 69054 37006 81430 60147 60812 44625 85110 61742 47004 100000 79762 87091 21306 100000 58260 53282 45130 100000 82774 26935 69912 88469 89988 27926 77782 70778 79423 72047 47336 79330 92286 39951 59974 59996 100000 52125 78764 60765 40523 82280 89040 63418 60386 63846 78671 62328 69619 70979 67112 73728 90036 59959 60742 79739
43028 49035 89381 100000 58931 71103 100000 62046 23738 34020 100000 100000 72052 72256 49446 100000 100000 34705 52603 98395 56911 59440 41886 100000 100000 94657 100000 100000 97940 88747 80895 68537 100000 42841 72513 50734 96516 93482 95626 91802 100000 47825 34081 47894 88286 96076 100000 29828 83394 100000 68869 73142 60416 50420 81007 87651 81391 87425 4866 72798 58507 73687 49858 51876 84941 47797 100000 60437 48417 27283 83688 100000 79709 56880 48822 56179 87540 72057 84411 100000 38835 46211 45249 92645 75279 35668 63406 49879 100000 88537 24253 85233 100000 64741 44457 32451 66487 64387 74848 53844
