30 30
734788 398820 596170 111038 861793 121240 317438 492941 996725 732700 346790 232384 23504 639323 375493 285536 669368 593882 966390 333458 58362 470541 12107 691084 153482 686326 893148 198736 166354 203922
828555 763736 846447 895426 500351 76734 642460 886498 426295 730798 652009 340322 797041 634647 353755 137600 333450 702063 378148 519777 474107 799247 508172 643870 714346 991298 897525 289892 430144 744514
212249 973509 971592 837452 643091 947300 358705 78450 616104 100259 773954 654310 951181 681482 462966 722803 727234 962614 69931 565129 897060 54323 134291 977239 138993 250972 754856 353526 764996 55929
544699 487590 698728 228707 982155 876124 573558 811462 799523 295763 12804 781006 954857 330477 159600 277793 316544 581462 693559 113297 682161 585360 696566 779174 990478 792634 643225 689648 815447 593877
191404 321823 959759 671469 620389 320786 748874 301874 688016 356411 302029 509128 622817 305661 407598 819931 992368 270863 682069 431848 293913 369935 866554 481472 761937 88802 837677 679663 697362 747248
614297 927421 700335 369967 134399 302057 131273 580486 268483 70659 317948 48471 391647 771449 320267 202324 886753 41367 159746 273767 587835 44786 825413 839334 292721 90096 627488 73331 845849 994036
151796 226855 651636 36351 341823 435777 165791 542908 368873 433974 477231 825356 519499 312897 43688 25124 293055 712985 225585 294590 327328 517157 338863 465559 953915 381669 153025 663966 48725 776101
363861 630110 984798 157944 881165 885265 712787 683893 52995 557872 794761 486813 543871 452714 693679 796605 897237 613353 44381 91928 37398 103202 357494 478799 435899 436561 700059 668728 213388 275728
667474 71006 403144 991358 56489 331082 676846 234755 330188 704665 198858 41773 719577 731726 327127 214173 48215 496766 6374 294083 539208 232474 413983 743913 374590 879650 9653 82056 862402 553149
810459 54673 433848 714195 773352 989661 732555 711007 40365 162412 238199 32060 3503 290370 973926 572689 868480 718509 745647 605067 281041 180586 833780 163596 403986 615158 147182 171369 280197 423088
257401 147070 608977 709689 581645 609507 824348 444780 725534 645977 95076 832144 258364 881231 33247 385072 275337 381339 557447 270686 816465 982266 797592 652872 958896 296290 144995 643910 840561 559304
458592 871694 637988 605412 437722 226651 560888 613228 501467 131467 265036 830479 957180 227846 998197 286090 661598 113957 469936 121166 653781 349394 31177 790118 726519 73546 528849 972083 576305 340246
789495 514789 628588 236323 290835 635422 717714 384472 188461 552398 840962 714662 194915 699212 188021 513568 768723 834872 411569 761290 20306 270564 965546 103199 608932 32977 420703 518413 88518 612148
672593 95025 27189 513068 123024 731532 951179 103889 225692 416842 534225 585461 735259 77055 611692 276010 726051 91147 605513 188178 997668 811247 233191 442473 530609 76446 48733 5383 23820 302121
544745 892114 47324 609383 705415 562298 203122 568509 13308 619237 597527 780739 306734 369163 945690 949847 973794 479413 707016 239448 402372 323152 99083 829983 630855 894120 158387 270978 148445 376955
483138 964244 783368 86023 823769 973450 602073 161823 564093 960154 431982 499913 919389 748669 496401 292670 855061 80128 715229 253007 856064 231427 100016 860537 463308 271691 477434 944256 741397 877357
140865 156806 471823 74255 947276 792476 284649 554380 819001 2219 790457 673991 888386 525977 712007 733063 231915 251346 364824 995042 116237 682622 239014 657054 797319 467890 48284 735498 166833 347327
950671 178207 830425 826291 590862 673010 988466 941938 793916 104991 722016 186222 882010 954608 564867 785085 458322 502415 645361 88195 308050 931730 105848 767422 639913 311667 330695 389418 723936 350516
13272 648604 979233 148141 530885 128895 665268 407310 243955 848127 951878 146095 342683 794000 538886 685585 729406 516023 100006 373834 45951 6377 693129 452372 173780 867171 153449 778782 814767 937903
886713 324973 332365 805911 175154 674719 645733 825416 746080 198711 936182 698064 690387 999261 421340 259038 82620 331291 406613 602435 904684 269516 729940 250083 571341 293381 895186 804200 313641 880475
773897 779270 414088 131864 876024 778072 730081 939641 488309 281813 245850 89893 114536 928526 687795 277768 677140 549608 379769 567794 407881 398293 545148 603873 942167 661177 744858 15231 67706 877131
226396 57650 645066 424151 625033 817319 509040 86957 121272 529172 522245 11897 791636 675502 166030 327474 172577 909020 225521 104965 45674 804654 395772 141746 353722 997659 124469 515882 460087 251666
888189 873693 2952 311835 474689 748670 912658 908500 85162 582568 399397 256023 151184 238287 599764 601879 753061 103306 933311 70325 43309 29593 46321 107203 343184 167510 601140 28428 510600 27114
558977 532962 925573 520798 610609 888371 518942 295689 617393 912035 524522 244888 498637 996076 851134 755243 18498 256379 753735 911778 192588 716494 399274 872712 335980 411148 761925 354404 602618 980789
670785 695570 750115 963889 154129 214819 381269 221178 317241 632361 25926 960696 735560 308638 459577 50012 603622 839418 15055 508832 19646 599478 80668 591968 301775 295947 214471 133213 995576 50337
288577 465165 704126 983480 651175 745850 672296 755565 434618 110529 93529 646142 691946 622211 71358 144783 31722 784163 406523 821959 562090 835069 100580 582974 502301 53623 961505 978505 68890 264927
757837 880999 613198 339704 419312 85164 456051 441259 354183 379834 494007 354913 537805 382047 162288 620299 812353 10214 874805 457133 490725 106328 218723 956045 342030 702800 288635 900061 14884 564039
545100 525880 644584 903650 493408 15974 99908 838727 726381 873591 120136 813283 703651 373571 765118 442456 505659 489096 590639 917846 933987 797727 701639 354461 594283 745811 211354 534333 941450 646416
309004 674484 158606 103711 457858 612423 584652 56687 995373 705908 383343 503144 605051 78639 390443 686805 394641 72918 177066 675229 641734 205159 804379 408986 24862 287767 120294 843329 287808 135742
924316 128945 290283 679848 31774 279674 849074 655698 395698 75662 463492 686468 319221 190587 467409 574343 556170 345973 757751 356229 530727 394483 897190 510701 734140 577253 787181 119384 231042 186930
