30 30
7000 7543 8001 8316 8459 8424 8223 7886 7452 6970 6491 6066 5744 5562 5548 5712 6047 6519 7067 7646 8292 9007 9757 10000 10000 10000 10000 10000 10000 10000
7000 7543 8000 8315 8458 8422 8220 7881 7446 6962 6482 6056 5732 5549 5534 5698 6032 6504 7052 7630 8268 8969 9694 10000 10000 10000 10000 10000 10000 10000
7000 7543 7999 8312 8451 8409 8201 7854 7410 6917 6427 5992 5660 5471 5451 5611 5944 6415 6963 7539 8170 8854 9552 10000 10000 10000 10000 10000 10000 10000
7000 7542 7997 8305 8436 8382 8159 7795 7331 6818 6307 5853 5504 5300 5268 5421 5749 6218 6766 7341 7964 8629 9297 9912 10000 10000 10000 10000 10000 9900
7000 7542 7993 8294 8412 8341 8094 7703 7209 6664 6123 5639 5263 5036 4987 5128 5449 5916 6464 7036 7650 8294 8930 9501 9949 10000 10000 10000 9740 9163
7000 7541 7989 8280 8382 8288 8012 7586 7054 6469 5888 5366 4956 4701 4630 4756 5068 5531 6079 6649 7253 7876 8477 9003 9398 9615 9622 9406 8977 8364
7000 7540 7984 8265 8349 8229 7921 7457 6882 6253 5626 5063 4615 4328 4233 4341 4644 5104 5650 6219 6812 7413 7981 8463 8808 8972 8927 8666 8202 7565
7000 7540 7979 8249 8316 8171 7830 7328 6711 6037 5366 4761 4275 3957 3837 3929 4222 4678 5224 5791 6374 6954 7489 7931 8230 8348 8261 7966 7478 6831
7000 7539 7974 8236 8286 8119 7749 7213 6558 5845 5135 4492 3973 3626 3485 3562 3847 4299 4845 5409 5983 6543 7050 7456 7717 7798 7680 7362 6864 6221
7000 7539 7971 8225 8264 8079 7687 7124 6441 5697 4957 4285 3740 3372 3214 3279 3557 4007 4553 5115 5681 6224 6707 7083 7314 7368 7231 6904 6409 5782
7000 7538 7969 8219 8250 8055 7650 7071 6371 5608 4850 4161 3601 3220 3052 3110 3385 3833 4378 4939 5498 6028 6491 6845 7055 7093 6948 6624 6143 5544
7000 7538 7969 8217 8247 8050 7642 7060 6356 5590 4827 4135 3572 3188 3017 3074 3348 3796 4341 4901 5454 5973 6422 6762 6960 6991 6848 6537 6082 5518
7000 7539 7970 8221 8255 8064 7664 7092 6398 5643 4892 4210 3656 3280 3116 3177 3453 3902 4447 5006 5555 6068 6508 6839 7032 7065 6933 6642 6217 5693
7000 7539 7973 8230 8274 8098 7716 7166 6496 5767 5041 4382 3850 3492 3342 3413 3694 4145 4691 5249 5796 6303 6739 7068 7262 7302 7185 6918 6524 6041
7000 7540 7977 8243 8302 8147 7794 7276 6642 5950 5262 4639 4139 3808 3678 3764 4053 4507 5053 5611 6156 6662 7096 7426 7624 7675 7574 7330 6967 6519
7000 7540 7982 8260 8338 8210 7891 7414 6825 6181 5540 4962 4502 4205 4101 4205 4504 4962 5509 6067 6611 7116 7551 7883 8087 8147 8061 7836 7497 7077
7000 7541 7988 8278 8378 8281 8001 7571 7034 6443 5856 5329 4915 4655 4582 4705 5017 5479 6027 6584 7129 7634 8069 8404 8612 8680 8603 8392 8068 7665
7000 7542 7995 8298 8421 8356 8118 7737 7255 6721 6191 5718 5352 5134 5092 5237 5561 6028 6576 7134 7678 8184 8619 8955 9166 9237 9165 8959 8642 8246
7000 7543 8001 8318 8464 8433 8238 7906 7479 7004 6532 6114 5798 5621 5610 5778 6114 6586 7135 7693 8237 8743 9178 9514 9726 9797 9726 9521 9204 8810
7020 7563 8026 8355 8522 8522 8367 8084 7710 7291 6876 6512 6243 6107 6129 6318 6666 7144 7693 8251 8795 9302 9740 10000 10000 10000 10000 10000 9781 9389
7122 7659 8120 8454 8634 8656 8532 8287 7959 7588 7222 6906 6682 6583 6634 6845 7205 7687 8237 8795 9343 9854 10000 10000 10000 10000 10000 10000 10000 10000
7332 7855 8304 8632 8813 8843 8735 8515 8217 7882 7555 7278 7091 7026 7104 7333 7706 8192 8743 9302 9854 10000 10000 10000 10000 10000 10000 10000 10000 10000
7646 8145 8571 8880 9046 9069 8960 8747 8463 8149 7848 7600 7443 7405 7507 7754 8136 8628 9178 9740 10000 10000 10000 10000 10000 10000 10000 10000 10000 10000
8038 8503 8895 9170 9307 9305 9178 8954 8668 8360 8072 7842 7706 7690 7812 8075 8468 8963 9514 10000 10000 10000 10000 10000 10000 10000 10000 10000 10000 10000
8469 8889 9237 9467 9560 9517 9356 9106 8802 8486 8199 7978 7856 7857 7995 8272 8674 9174 9726 10000 10000 10000 10000 10000 10000 10000 10000 10000 10000 10000
8892 9261 9555 9730 9768 9672 9464 9174 8840 8505 8209 7989 7875 7889 8041 8330 8741 9245 9797 10000 10000 10000 10000 10000 10000 10000 10000 10000 10000 10000
9263 9575 9810 9923 9897 9741 9476 9137 8765 8403 8091 7866 7756 7780 7945 8246 8665 9173 9726 10000 10000 10000 10000 10000 10000 10000 10000 10000 10000 10000
9542 9795 9968 10000 9924 9702 9376 8985 8570 8178 7848 7615 7507 7540 7716 8028 8456 8967 9521 10000 10000 10000 10000 10000 10000 10000 10000 10000 10000 10000
9700 9895 10000 9990 9832 9546 9160 8717 8261 7839 7491 7252 7146 7187 7375 7699 8135 8650 9204 9781 10000 10000 10000 10000 10000 10000 10000 10000 10000 10000
9720 9860 9914 9837 9619 9274 8835 8346 7854 7407 7045 6803 6703 6755 6956 7291 7736 8255 8810 9389 10000 10000 10000 10000 10000 10000 10000 10000 10000 10000
