30 30
247246 247246 247246 247246 247246 247246 247246 247246 247246 247246 247246 247246 247246 247246 247246 247246 247246 247246 247246 247246 247246 247246 247246 247246 247246 247246 247246 247246 247246 247246
247246 247246 247246 247246 247246 247246 247246 247246 247246 247246 247246 247246 247246 247246 247246 247246 247246 247246 247246 247246 247246 247246 247246 247246 247246 247246 247246 247246 247246 247246
247246 247246 247246 247246 247246 247246 247246 247246 247246 247246 247246 247246 247246 247246 247246 247246 247246 247246 247246 247246 247246 247246 247246 247246 247246 247246 247246 247246 247246 247246
247246 247246 247246 247246 247246 247246 247246 247246 247246 247246 247246 247246 247246 247246 247246 247246 247246 247246 247246 247246 247246 247246 247246 247246 247246 247246 247246 247246 247246 247246
247246 247246 247246 247246 247246 247246 247246 247246 247246 247246 247246 247246 247246 247246 247246 247246 247246 247246 247246 247246 247246 247246 247246 247246 247246 247246 247246 247246 247246 247246
247246 247246 247246 247246 247246 247246 247246 247246 247246 247246 247246 247246 247246 247246 247246 247246 247246 247246 247246 247246 247246 247246 247246 247246 247246 247246 247246 247246 247246 247246
247246 247246 247246 247246 247246 247246 247246 247246 247246 247246 247246 247246 247246 247246 247246 247246 247246 247246 247246 247246 247246 247246 247246 247246 247246 247246 247246 247246 247246 247246
247246 247246 247246 247246 247246 247246 247246 247246 247246 247246 247246 247246 247246 247246 247246 247246 247246 247246 247246 247246 247246 247246 247246 247246 247246 247246 247246 247246 247246 247246
247246 247246 247246 247246 247246 247246 247246 247246 247246 247246 247246 247246 247246 247246 247246 247246 247246 247246 247246 247246 247246 247246 247246 247246 247246 247246 247246 247246 247246 247246
247246 247246 247246 247246 247246 247246 247246 247246 247246 247246 247246 247246 247246 247246 247246 247246 247246 247246 247246 247246 247246 247246 247246 247246 247246 247246 247246 247246 247246 247246
247246 247246 247246 247246 247246 247246 247246 247246 247246 247246 247246 247246 247246 247246 247246 247246 247246 247246 247246 247246 247246 247246 247246 247246 247246 247246 247246 247246 247246 247246
247246 247246 247246 247246 247246 247246 247246 247246 247246 247246 247246 247246 247246 247246 247246 247246 247246 247246 247246 247246 247246 247246 247246 247246 247246 247246 247246 247246 247246 247246
247246 247246 247246 247246 247246 247246 247246 247246 247246 247246 247246 247246 247246 247246 247246 247246 247246 247246 247246 247246 247246 247246 247246 247246 247246 247246 247246 247246 247246 247246
247246 247246 247246 247246 247246 247246 247246 247246 247246 247246 247246 247246 247246 247246 247246 247246 247246 247246 247246 247246 247246 247246 247246 247246 247246 247246 247246 247246 247246 247246
247246 247246 247246 247246 247246 247246 247246 247246 247246 247246 247246 247246 247246 247246 247246 247246 247246 247246 247246 247246 247246 247246 247246 247246 247246 247246 247246 247246 247246 247246
247246 247246 247246 247246 247246 247246 247246 247246 247246 247246 247246 247246 247246 247246 247246 247246 247246 247246 247246 247246 247246 247246 247246 247246 247246 247246 247246 247246 247246 247246
247246 247246 247246 247246 247246 247246 247246 247246 247246 247246 247246 247246 247246 247246 247246 247246 247246 247246 247246 247246 247246 247246 247246 247246 247246 247246 247246 247246 247246 247246
247246 247246 247246 247246 247246 247246 247246 247246 247246 247246 247246 247246 247246 247246 247246 247246 247246 247246 247246 247246 247246 247246 247246 247246 247246 247246 247246 247246 247246 247246
247246 247246 247246 247246 247246 247246 247246 247246 247246 247246 247246 247246 247246 247246 247246 247246 247246 247246 247246 247246 247246 247246 247246 247246 247246 247246 247246 247246 247246 247246
247246 247246 247246 247246 247246 247246 247246 247246 247246 247246 247246 247246 247246 247246 247246 247246 247246 247246 247246 247246 247246 247246 247246 247246 247246 247246 247246 247246 247246 247246
247246 247246 247246 247246 247246 247246 247246 247246 247246 247246 247246 247246 247246 247246 247246 247246 247246 247246 247246 247246 247246 247246 247246 247246 247246 247246 247246 247246 247246 247246
247246 247246 247246 247246 247246 247246 247246 247246 247246 247246 247246 247246 247246 247246 247246 247246 247246 247246 247246 247246 247246 247246 247246 247246 247246 247246 247246 247246 247246 247246
247246 247246 247246 247246 247246 247246 247246 247246 247246 247246 247246 247246 247246 247246 247246 247246 247246 247246 247246 247246 247246 247246 247246 247246 247246 247246 247246 247246 247246 247246
247246 247246 247246 247246 247246 247246 247246 247246 247246 247246 247246 247246 247246 247246 247246 247246 247246 247246 247246 247246 247246 247246 247246 247246 247246 247246 247246 247246 247246 247246
247246 247246 247246 247246 247246 247246 247246 247246 247246 247246 247246 247246 247246 247246 247246 247246 247246 247246 247246 247246 247246 247246 247246 247246 247246 247246 247246 247246 247246 247246
247246 247246 247246 247246 247246 247246 247246 247246 247246 247246 247246 247246 247246 247246 247246 247246 247246 247246 247246 247246 247246 247246 247246 247246 247246 247246 247246 247246 247246 247246
247246 247246 247246 247246 247246 247246 247246 247246 247246 247246 247246 247246 247246 247246 247246 247246 247246 247246 247246 247246 247246 247246 247246 247246 247246 247246 247246 247246 247246 247246
247246 247246 247246 247246 247246 247246 247246 247246 247246 247246 247246 247246 247246 247246 247246 247246 247246 247246 247246 247246 247246 247246 247246 247246 247246 247246 247246 247246 247246 247246
247246 247246 247246 247246 247246 247246 247246 247246 247246 247246 247246 247246 247246 247246 247246 247246 247246 247246 247246 247246 247246 247246 247246 247246 247246 247246 247246 247246 247246 247246
247246 247246 247246 247246 247246 247246 247246 247246 247246 247246 247246 247246 247246 247246 247246 247246 247246 247246 247246 247246 247246 247246 247246 247246 247246 247246 247246 247246 247246 247246
