30 30
7000 7664 8174 8438 8427 8161 7697 7117 6518 5998 5647 5533 5691 6113 6733 7433 8213 9101 10000 10000 10000 10000 10000 10000 10000 10000 9250 8348 7550 6842
7000 7664 8173 8436 8423 8155 7687 7104 6501 5977 5623 5507 5664 6085 6705 7404 8176 9041 9930 10000 10000 10000 10000 10000 10000 9531 8559 7634 6828 6121
7000 7664 8170 8426 8402 8118 7632 7029 6405 5863 5492 5363 5512 5928 6547 7246 8009 8847 9687 10000 10000 10000 10000 10000 9695 8741 7736 6797 5994 5299
7000 7663 8163 8405 8358 8043 7519 6874 6208 5626 5222 5066 5197 5605 6221 6919 7671 8478 9266 9924 10000 10000 10000 9628 8788 7794 6772 5837 5055 4390
7000 7661 8153 8375 8295 7935 7358 6653 5928 5289 4836 4643 4749 5144 5756 6453 7194 7967 8698 9280 9614 9631 9304 8662 7778 6765 5748 4840 4100 3482
7000 7660 8141 8340 8223 7812 7173 6400 5605 4902 4393 4157 4234 4615 5223 5919 6647 7387 8062 8571 8825 8764 8372 7685 6781 5773 4786 3928 3248 2697
7000 7658 8130 8307 8153 7693 6994 6156 5294 4528 3966 3688 3737 4104 4708 5404 6120 6827 7450 7895 8082 7961 7526 6819 5921 4945 4012 3222 2620 2150
7000 7657 8121 8280 8097 7597 6850 5959 5044 4228 3622 3311 3339 3694 4295 4990 5695 6375 6954 7348 7485 7326 6872 6171 5304 4383 3523 2818 2305 1923
7000 7656 8116 8264 8064 7541 6765 5843 4897 4051 3419 3088 3103 3451 4051 4744 5441 6099 6646 7003 7110 6935 6487 5814 5001 4152 3379 2766 2345 2054
7000 7656 8115 8262 8060 7533 6753 5827 4876 4026 3390 3056 3069 3416 4016 4709 5399 6041 6566 6903 6998 6827 6404 5777 5031 4264 3581 3061 2730 2523
7000 7657 8119 8274 8085 7575 6818 5915 4988 4160 3544 3225 3248 3600 4201 4894 5580 6212 6726 7055 7153 7000 6613 6042 5366 4681 4084 3648 3395 3262
7000 7658 8128 8299 8137 7665 6952 6098 5221 4441 3866 3578 3621 3984 4588 5281 5964 6592 7102 7433 7542 7414 7067 6549 5937 5323 4798 4429 4238 4162
7000 7660 8139 8334 8211 7791 7141 6357 5550 4836 4318 4074 4146 4524 5132 5825 6507 7134 7644 7981 8104 7999 7685 7209 6646 6084 5610 5289 5139 5101
7000 7662 8153 8376 8298 7940 7365 6663 5940 5304 4853 4661 4768 5164 5777 6469 7151 7778 8291 8633 8765 8676 8382 7931 7395 6862 6415 6119 5991 5972
7000 7664 8168 8421 8391 8099 7604 6989 6355 5803 5424 5288 5432 5846 6464 7157 7839 8466 8979 9324 9460 9375 9087 8644 8117 7592 7153 6865 6743 6729
7006 7672 8189 8471 8489 8263 7848 7321 6776 6308 6001 5921 6102 6536 7159 7852 8534 9161 9676 10000 10000 10000 9788 9346 8820 8296 7857 7569 7446 7432
7105 7764 8285 8585 8640 8467 8118 7668 7203 6811 6571 6544 6761 7213 7841 8534 9218 9852 10000 10000 10000 10000 10000 10000 9609 9090 8653 8361 8233 8211
7366 8004 8509 8806 8871 8725 8417 8019 7613 7281 7097 7116 7365 7834 8468 9161 9852 10000 10000 10000 10000 10000 10000 10000 10000 10000 9588 9285 9138 9094
7784 8381 8847 9113 9158 9005 8705 8329 7956 7665 7523 7580 7858 8343 8981 9676 10000 10000 10000 10000 10000 10000 10000 10000 10000 10000 10000 10000 10000 10000
8300 8836 9242 9449 9442 9249 8925 8542 8178 7908 7795 7881 8183 8682 9325 10000 10000 10000 10000 10000 10000 10000 10000 10000 10000 10000 10000 10000 10000 10000
8833 9292 9618 9743 9659 9399 9023 8607 8230 7965 7869 7978 8301 8814 9461 10000 10000 10000 10000 10000 10000 10000 10000 10000 10000 10000 10000 10000 10000 10000
9295 9666 9899 9927 9748 9402 8957 8492 8089 7818 7731 7858 8199 8725 9376 10000 10000 10000 10000 10000 10000 10000 10000 10000 10000 10000 10000 10000 10000 10000
9611 9890 10000 9951 9670 9232 8710 8190 7755 7473 7393 7536 7895 8433 9089 9788 10000 10000 10000 10000 10000 10000 10000 10000 10000 10000 10000 10000 10000 10000
9730 9921 9961 9788 9411 8885 8292 7721 7257 6968 6897 7057 7435 7986 8645 9346 10000 10000 10000 10000 10000 10000 10000 10000 10000 10000 10000 10000 10000 10000
9629 9741 9698 9441 8983 8386 7738 7131 6652 6366 6310 6492 6890 7454 8119 8820 9609 10000 10000 10000 10000 10000 10000 10000 10000 10000 10000 10000 10000 10000
9316 9364 9257 8938 8423 7782 7104 6486 6012 5744 5714 5925 6346 6925 7594 8296 9090 10000 10000 10000 10000 10000 10000 10000 10000 10000 10000 10000 10000 10000
8826 8830 8681 8326 7786 7132 6457 5856 5411 5181 5191 5438 5887 6481 7155 7857 8653 9588 10000 10000 10000 10000 10000 10000 10000 10000 10000 10000 9769 9100
8213 8192 8025 7661 7128 6495 5856 5302 4913 4740 4804 5096 5576 6188 6866 7569 8361 9285 10000 10000 10000 10000 10000 10000 10000 10000 10000 9659 8888 8192
7536 7507 7341 6993 6492 5909 5334 4853 4541 4442 4572 4915 5431 6061 6745 7446 8233 9138 10000 10000 10000 10000 10000 10000 10000 10000 9769 8888 8098 7392
6842 6814 6659 6340 5886 5369 4872 4479 4255 4239 4441 4841 5394 6042 6731 7433 8211 9095 10000 10000 10000 10000 10000 10000 10000 10000 9100 8193 7392 6684
