30 30
7000 8080 5568 7899 10000 9225 5355 4662 6910 7000 7000 7000 5534 4505 7652 9710 7525 6770 4447 5765 9836 10000 7405 4403 5732 7008 8956 9114 5556 2001
7000 7669 4164 6252 8628 4584 1453 936 2613 3633 8844 10000 8904 4459 5870 7539 5264 3887 3837 6312 8667 10000 8380 6787 9107 9585 8545 6621 4737 5181
7000 7472 3492 5455 7188 4345 3421 3328 3628 4381 8434 10000 8883 5183 4715 7303 7716 4957 6297 7766 5384 4984 5618 6820 9584 7561 3055 2774 5630 8931
7049 8318 6306 8700 10000 8321 7885 7816 7794 7624 6596 6100 6470 7517 7824 9592 9003 5775 7109 8080 4948 5699 7891 9025 9682 6493 2586 4982 9048 9539
9221 9331 7796 10000 10000 10000 10000 7410 7042 7780 4348 2104 2705 5604 7719 8788 7628 6756 7021 7214 6741 8853 10000 10000 7113 4687 3956 5836 8206 8526
8811 6975 5254 8321 10000 10000 7229 2486 4563 7675 6692 4775 3568 3104 6204 6806 5638 8111 6900 6019 8481 7643 8849 9734 4826 5595 7674 6042 5719 7091
5355 4192 4712 8168 10000 7528 3646 2418 7484 10000 10000 8322 7160 6501 9558 8721 5448 7876 6578 5633 7948 4786 4662 6913 6459 8765 10000 8953 8268 6789
4662 3695 7369 9961 8531 4876 4726 4949 8257 10000 7709 6604 8731 10000 10000 9459 4250 4921 4328 3898 4811 2433 1868 3507 5273 6914 7912 7000 6588 4332
6910 4509 6914 7997 5438 5197 8214 6679 6130 8442 5418 5847 9125 8880 8133 7343 6086 5968 5954 5944 5962 5887 5862 5914 5998 6049 6072 6051 5903 4023
7820 4810 4538 4599 3609 5425 7969 6028 5328 7730 7243 9081 10000 6280 4798 6154 8051 8596 8447 8339 8846 9530 9324 8835 8472 8459 8244 8226 8451 6106
9724 8965 7260 4653 4980 7387 6104 3721 3965 4604 5266 8571 9594 5123 5679 5968 4963 6930 5967 5267 8314 10000 9059 6392 5647 6041 4651 4538 7048 9369
7200 8768 9421 6199 6545 8397 5348 4550 6712 6001 4219 6800 8192 5619 7627 7543 5371 8038 6689 5708 9654 10000 7406 4365 5570 6792 4844 4686 8247 10000
4342 5314 7760 6575 7831 9568 7302 7900 9808 8056 4204 5379 6135 3906 6185 8591 8816 10000 9794 10000 10000 10000 5853 3737 6140 8288 7714 7163 8979 10000
5886 2789 4403 7602 10000 9936 9446 10000 8992 5666 3617 4473 3461 2187 5183 9965 9744 7141 7348 10000 10000 7198 4573 3207 3042 6007 9252 7610 4746 3738
7023 2710 3666 7869 9436 6818 6707 9319 8009 4783 5703 7652 6188 5168 8324 10000 9557 5536 4221 6213 6470 7248 7674 6370 5076 8088 10000 10000 6373 5128
9093 5760 6086 9928 10000 6935 6411 6259 5202 5123 8853 9783 8345 8632 9908 10000 10000 7411 3202 3774 5499 9097 10000 10000 8163 7743 9568 10000 9307 8128
8968 7169 6508 9815 10000 8883 8040 4255 4160 8049 10000 7713 6315 8648 6987 7797 10000 7218 2838 5220 8114 7768 9124 10000 9704 5158 2146 4964 8491 7416
5531 3941 3374 6587 8239 5777 5062 4335 7190 10000 10000 6960 5784 8530 6612 5924 6834 3683 1143 5374 8183 5420 5389 9978 10000 8029 3522 4605 8360 7360
4558 3020 5125 7514 7497 3413 1180 2272 6296 7666 5860 4438 6407 9985 9233 6500 3196 1143 0 3105 6870 8304 7134 7374 8826 9454 7651 7459 10000 10000
6858 4489 6940 8141 9328 7538 4011 3440 5800 5134 3199 5572 8909 8961 8217 7270 5821 5374 3105 4526 8788 10000 8483 4129 3598 7573 8186 6656 9516 10000
7684 4652 4563 4840 8435 10000 8434 7149 8407 7720 5987 8284 10000 6082 4121 6181 9587 9497 7163 8136 10000 9822 4535 1170 3300 8129 8097 4628 6589 7498
9730 8785 7019 4522 5106 10000 10000 9422 6274 5924 5314 6123 7181 5011 1948 5330 10000 10000 9474 9308 7776 4644 2482 1634 5378 10000 10000 9382 7409 7252
7399 8914 9441 6097 2267 5161 9017 9291 6702 6605 6604 6605 8068 9089 5967 6273 8793 6157 7305 8103 4820 4812 6588 5438 4672 7862 10000 10000 6262 7137
4403 7203 9235 6088 962 1418 4557 7388 8105 8727 8629 8287 9469 10000 7765 5965 5446 3793 7010 9155 6806 8526 10000 9099 5093 5999 9343 8225 4603 6435
5732 9873 10000 6119 2367 2601 3299 2875 4831 7548 7133 5691 5962 6152 5554 3885 4393 6802 9755 9832 9291 10000 10000 10000 10000 8032 8549 10000 7077 6852
6991 10000 10000 6144 4499 7006 7132 4829 6403 9721 9211 7446 7451 7460 7437 5203 5065 8453 9197 6687 6537 6547 6554 7863 9131 6108 5776 8008 5263 4023
5043 8828 7612 4472 3614 6757 8207 7652 7446 8276 7475 7706 9519 10000 10000 9260 6643 7448 6218 2846 1955 4340 6223 7537 8805 5775 3518 4506 3870 4362
4885 7722 6052 4771 2887 3808 7302 9854 6484 2888 1568 5351 8909 10000 9776 10000 8820 5915 5860 5293 2645 5353 8457 9774 10000 8002 3412 4122 7457 9482
8284 10000 9111 8076 5905 6314 10000 10000 9378 5279 3840 7932 10000 7303 5900 8398 9005 5968 7774 9183 5824 4762 5876 7057 8204 5270 1537 4044 8085 8855
9530 10000 8356 7013 4842 5252 8810 10000 9624 9173 7647 7058 7108 6986 6954 8936 10000 8765 8265 7664 6280 7319 7127 5232 4380 4452 3410 3423 5236 7001
