100 100
70 71 73 75 77 78 80 81 82 83 83 84 84 84 84 84 83 82 81 80 79 78 77 75 73 72 70 69 67 65 64 62 61 60 58 57 57 56 55 55 55 55 55 56 56 57 58 60 61 63 64 66 68 70 72 74 76 78 80 82 84 87 89 92 94 97 100 100 100 100 100 100 100 100 100 100 100 100 100 100 100 100 100 100 100 100 100 100 100 100 100 100 100 98 96 93 91 88 86 83
70 71 73 75 77 78 80 81 82 83 83 84 84 84 84 84 83 82 81 80 79 78 77 75 73 72 70 69 67 65 64 62 61 60 58 57 57 56 55 55 55 55 55 56 56 57 58 60 61 63 64 66 68 70 72 74 76 78 80 82 84 87 89 92 94 97 99 100 100 100 100 100 100 100 100 100 100 100 100 100 100 100 100 100 100 100 100 100 100 100 100 100 99 97 94 92 89 86 84 82
70 71 73 75 77 78 80 81 82 83 83 84 84 84 84 84 83 82 81 80 79 78 77 75 73 72 70 69 67 65 64 62 61 60 58 57 56 56 55 55 55 55 55 56 56 57 58 60 61 63 64 66 68 70 72 74 76 78 80 82 84 87 89 92 94 97 99 100 100 100 100 100 100 100 100 100 100 100 100 100 100 100 100 100 100 100 100 100 100 100 100 100 97 95 92 90 87 85 82 80
70 71 73 75 77 78 80 81 82 83 83 84 84 84 84 84 83 82 81 80 79 78 76 75 73 72 70 68 67 65 64 62 61 59 58 57 56 56 55 55 55 55 55 56 56 57 58 59 61 62 64 66 68 70 72 73 75 78 80 82 84 87 89 91 94 96 99 100 100 100 100 100 100 100 100 100 100 100 100 100 100 100 100 100 100 100 100 100 100 100 100 98 96 93 90 88 85 83 80 78
70 71 73 75 77 78 80 81 82 83 83 84 84 84 84 84 83 82 81 80 79 78 76 75 73 72 70 68 67 65 64 62 61 59 58 57 56 56 55 55 55 55 55 55 56 57 58 59 61 62 64 66 68 69 71 73 75 77 79 82 84 86 89 91 94 96 98 100 100 100 100 100 100 100 100 100 100 100 100 100 100 100 100 100 100 100 100 100 100 100 99 96 94 91 88 86 83 81 78 76
70 71 73 75 77 78 80 81 82 83 83 84 84 84 84 84 83 82 81 80 79 78 76 75 73 72 70 68 67 65 63 62 60 59 58 57 56 55 55 54 54 54 55 55 56 57 58 59 60 62 64 65 67 69 71 73 75 77 79 81 84 86 88 91 93 95 98 100 100 100 100 100 100 100 100 100 100 100 100 100 100 100 100 100 100 100 100 100 100 99 97 94 92 89 86 84 81 78 76 73
70 71 73 75 77 78 80 81 82 83 83 84 84 84 84 83 83 82 81 80 79 78 76 75 73 71 70 68 66 65 63 62 60 59 58 57 56 55 54 54 54 54 54 55 55 56 57 58 60 61 63 65 67 69 71 73 75 77 79 81 83 85 88 90 93 95 97 99 100 100 100 100 100 100 100 100 100 100 100 100 100 100 100 100 100 100 100 100 100 97 95 92 90 87 84 81 79 76 74 71
70 71 73 75 77 78 80 81 82 83 83 84 84 84 84 83 83 82 81 80 79 77 76 74 73 71 69 68 66 64 63 61 60 58 57 56 55 54 54 54 53 53 54 54 55 56 57 58 59 61 63 64 66 68 70 72 74 76 78 80 83 85 87 90 92 94 96 99 100 100 100 100 100 100 100 100 100 100 100 100 100 100 100 100 100 100 100 100 98 95 93 90 87 85 82 79 76 74 71 69
70 71 73 75 77 78 80 81 82 83 83 84 84 84 84 83 83 82 81 80 79 77 76 74 73 71 69 67 66 64 62 61 59 58 57 56 55 54 53 53 53 53 53 53 54 55 56 57 59 60 62 64 66 67 69 71 73 75 77 80 82 84 86 89 91 93 95 98 100 100 100 100 100 100 100 100 100 100 100 100 100 100 100 100 100 100 100 98 95 93 90 88 85 82 79 77 74 71 69 66
70 71 73 75 77 78 80 81 82 83 83 84 84 84 84 83 83 82 81 80 78 77 75 74 72 70 69 67 65 63 62 60 59 57 56 55 54 53 53 52 52 52 52 53 53 54 55 56 58 59 61 63 65 67 69 70 72 74 77 79 81 83 85 88 90 92 94 97 98 100 100 100 100 100 100 100 100 100 100 100 100 100 100 100 100 100 98 95 93 90 88 85 82 80 77 74 71 69 66 64
70 71 73 75 77 78 80 81 82 83 83 84 84 84 84 83 82 82 81 79 78 77 75 73 72 70 68 66 65 63 61 60 58 57 55 54 53 52 52 51 51 51 51 52 52 53 54 56 57 59 60 62 64 66 68 70 72 74 76 78 80 82 84 87 89 91 93 95 97 99 100 100 100 100 100 100 100 100 100 100 100 100 100 100 99 97 95 93 90 88 85 83 80 77 74 71 69 66 64 61
70 71 73 75 77 78 80 81 82 83 83 84 84 84 83 83 82 81 80 79 78 76 75 73 71 70 68 66 64 62 61 59 57 56 55 53 52 52 51 50 50 50 50 51 51 52 53 55 56 57 59 61 63 65 67 69 70 73 75 77 79 81 83 86 88 90 92 94 96 98 99 100 100 100 100 100 100 100 100 100 100 100 100 99 97 95 93 90 88 85 83 80 77 74 71 69 66 63 61 58
70 71 73 75 77 78 80 81 82 83 83 83 84 84 83 83 82 81 80 79 78 76 74 73 71 69 67 65 63 62 60 58 57 55 54 52 51 51 50 49 49 49 49 50 50 51 52 53 55 56 58 60 62 64 65 67 69 71 73 76 78 80 82 84 86 88 91 92 94 96 97 99 100 100 100 100 100 100 100 100 100 99 98 96 94 92 90 88 85 83 80 77 74 71 69 66 63 61 58 56
70 71 73 75 77 78 80 81 82 82 83 83 84 83 83 83 82 81 80 79 77 76 74 72 70 68 67 65 63 61 59 57 56 54 53 52 50 50 49 48 48 48 48 49 49 50 51 52 54 55 57 59 60 62 64 66 68 70 72 74 76 79 81 83 85 87 89 91 93 94 96 97 98 99 99 100 100 100 99 99 98 97 95 94 92 90 87 85 82 80 77 74 71 69 66 63 60 58 55 53
70 71 73 75 77 78 80 81 82 82 83 83 83 83 83 82 82 81 80 78 77 75 73 72 70 68 66 64 62 60 58 56 55 53 52 50 49 48 48 47 47 47 47 47 48 49 50 51 52 54 55 57 59 61 63 65 67 69 71 73 75 77 79 81 83 85 87 89 91 92 94 95 96 97 97 98 98 97 97 96 95 94 93 91 89 87 85 82 80 77 74 71 69 66 63 60 58 55 53 50
70 71 73 75 77 78 80 81 82 82 83 83 83 83 83 82 81 80 79 78 76 75 73 71 69 67 65 63 61 59 57 56 54 52 51 49 48 47 47 46 46 46 46 46 47 47 48 49 51 52 54 56 58 60 61 63 65 67 69 71 74 76 78 80 82 84 86 88 89 91 92 93 94 95 95 95 95 95 95 94 93 92 90 88 86 84 82 79 77 74 71 69 66 63 60 58 55 52 50 48
70 71 73 75 77 78 79 81 82 82 83 83 83 83 83 82 81 80 79 78 76 74 73 71 69 67 65 63 60 58 56 55 53 51 50 48 47 46 45 45 44 44 44 45 45 46 47 48 49 51 53 54 56 58 60 62 64 66 68 70 72 74 76 78 80 82 84 86 87 89 90 91 92 93 93 93 93 93 92 91 90 89 87 86 84 81 79 77 74 71 69 66 63 60 58 55 52 50 47 45
70 71 73 75 77 78 79 81 82 82 83 83 83 83 82 82 81 80 79 77 76 74 72 70 68 66 64 62 60 58 56 54 52 50 49 47 46 45 44 43 43 43 43 43 44 44 45 47 48 50 51 53 55 57 59 61 62 64 66 68 71 73 75 77 79 81 82 84 86 87 88 89 90 91 91 91 91 90 90 89 88 86 85 83 81 79 76 74 71 69 66 63 60 58 55 52 50 47 45 42
70 71 73 75 77 78 79 81 82 82 83 83 83 83 82 82 81 80 78 77 75 73 72 70 67 65 63 61 59 57 55 53 51 49 47 46 45 44 43 42 42 41 42 42 42 43 44 45 47 48 50 51 53 55 57 59 61 63 65 67 69 71 73 75 77 79 81 82 84 85 86 87 88 88 89 89 89 88 87 86 85 84 82 80 78 76 74 71 69 66 63 61 58 55 52 50 47 45 42 40
70 71 73 75 77 78 79 81 81 82 83 83 83 83 82 81 80 79 78 76 75 73 71 69 67 65 62 60 58 56 54 52 50 48 46 45 44 42 41 41 40 40 40 40 41 42 43 44 45 47 48 50 52 54 56 58 60 61 63 65 67 69 71 73 75 77 79 80 82 83 84 85 86 86 87 87 86 86 85 84 83 81 80 78 76 74 71 69 66 63 61 58 55 53 50 47 45 42 40 38
70 71 73 75 77 78 79 81 81 82 83 83 83 82 82 81 80 79 78 76 74 72 70 68 66 64 62 59 57 55 53 51 49 47 45 44 42 41 40 40 39 39 39 39 40 40 41 42 44 45 47 49 50 52 54 56 58 60 62 64 66 68 70 72 74 75 77 79 80 81 82 83 84 84 84 84 84 84 83 82 80 79 77 75 73 71 69 66 64 61 58 56 53 50 48 45 42 40 38 36
70 71 73 75 77 78 79 81 81 82 82 83 83 82 82 81 80 79 77 76 74 72 70 68 66 63 61 59 56 54 52 50 48 46 44 43 41 40 39 38 38 38 37 38 38 39 40 41 42 44 45 47 49 51 53 55 57 59 61 63 65 67 68 70 72 74 75 77 78 79 80 81 82 82 82 82 82 81 81 80 78 77 75 73 71 69 66 64 61 59 56 53 51 48 45 43 40 38 36 34
70 71 73 75 77 78 79 80 81 82 82 83 82 82 82 81 80 78 77 75 74 72 70 67 65 63 60 58 56 53 51 49 47 45 43 42 40 39 38 37 37 36 36 36 37 38 38 40 41 42 44 46 48 50 51 53 55 57 59 61 63 65 67 69 71 72 74 75 77 78 79 79 80 80 80 80 80 79 78 77 76 75 73 71 69 67 64 62 59 57 54 51 49 46 43 41 39 36 34 32
70 71 73 75 77 78 79 80 81 82 82 82 82 82 81 81 80 78 77 75 73 71 69 67 65 62 60 57 55 53 50 48 46 44 42 41 39 38 37 36 35 35 35 35 36 36 37 38 40 41 43 45 46 48 50 52 54 56 58 60 62 64 66 67 69 71 72 74 75 76 77 78 78 79 79 78 78 77 77 75 74 73 71 69 67 65 62 60 57 55 52 49 47 44 42 39 37 35 33 31
70 71 73 75 77 78 79 80 81 82 82 82 82 82 81 80 79 78 76 75 73 71 69 66 64 62 59 57 54 52 50 47 45 43 41 40 38 37 36 35 34 34 34 34 35 35 36 37 39 40 42 43 45 47 49 51 53 55 57 59 61 63 64 66 68 69 71 72 74 75 75 76 77 77 77 77 76 76 75 74 72 71 69 67 65 63 60 58 56 53 50 48 45 43 40 38 36 33 31 30
70 71 73 75 77 78 79 80 81 82 82 82 82 82 81 80 79 78 76 75 73 71 68 66 64 61 59 56 54 51 49 47 44 42 41 39 37 36 35 34 33 33 33 33 34 34 35 36 37 39 41 42 44 46 48 50 52 54 56 58 59 61 63 65 67 68 70 71 72 73 74 75 75 75 75 75 75 74 73 72 71 69 67 65 63 61 59 56 54 51 49 46 44 41 39 37 34 32 30 29
70 71 73 75 77 78 79 80 81 82 82 82 82 82 81 80 79 78 76 74 72 70 68 66 63 61 58 56 53 51 48 46 44 42 40 38 37 35 34 33 33 32 32 32 33 33 34 35 37 38 40 41 43 45 47 49 51 53 55 57 58 60 62 64 66 67 69 70 71 72 73 73 74 74 74 74 73 72 72 70 69 68 66 64 62 60 57 55 53 50 48 45 43 40 38 36 33 31 30 28
70 71 73 75 77 78 79 80 81 82 82 82 82 82 81 80 79 77 76 74 72 70 68 65 63 60 58 55 53 50 48 45 43 41 39 37 36 35 33 32 32 31 31 31 32 32 33 34 36 37 39 41 42 44 46 48 50 52 54 56 58 59 61 63 65 66 68 69 70 71 72 72 73 73 73 72 72 71 70 69 68 66 65 63 61 59 56 54 52 49 47 44 42 39 37 35 33 31 29 27
70 71 73 75 77 78 79 80 81 82 82 82 82 82 81 80 79 77 76 74 72 70 67 65 63 60 58 55 52 50 47 45 43 41 39 37 35 34 33 32 31 31 31 31 31 32 33 34 35 37 38 40 42 44 46 47 49 51 53 55 57 59 61 62 64 65 67 68 69 70 71 71 72 72 72 71 71 70 69 68 67 65 64 62 60 58 55 53 51 48 46 43 41 39 37 34 32 31 29 27
70 71 73 75 77 78 79 80 81 82 82 82 82 82 81 80 79 77 76 74 72 70 67 65 62 60 57 55 52 50 47 45 42 40 38 36 35 33 32 31 31 30 30 30 31 31 32 33 35 36 38 39 41 43 45 47 49 51 53 54 56 58 60 62 63 65 66 67 68 69 70 70 71 71 71 71 70 69 68 67 66 64 63 61 59 57 55 52 50 48 45 43 41 39 36 34 32 31 29 27
70 71 73 75 77 78 79 80 81 82 82 82 82 81 81 80 79 77 76 74 72 69 67 65 62 60 57 54 52 49 47 44 42 40 38 36 35 33 32 31 30 30 30 30 30 31 32 33 34 36 37 39 41 43 45 47 48 50 52 54 56 58 59 61 63 64 66 67 68 69 69 70 70 70 70 70 69 69 68 67 65 64 62 60 58 56 54 52 50 47 45 43 41 38 36 34 33 31 29 28
70 71 73 75 77 78 79 80 81 82 82 82 82 81 81 80 79 77 75 74 72 69 67 65 62 60 57 54 52 49 47 44 42 40 38 36 34 33 32 31 30 30 30 30 30 31 32 33 34 35 37 39 41 43 44 46 48 50 52 54 56 57 59 61 62 64 65 66 67 68 69 69 70 70 70 69 69 68 67 66 65 63 62 60 58 56 54 52 50 47 45 43 41 39 37 35 33 31 30 28
70 71 73 75 77 78 79 80 81 82 82 82 82 81 81 80 79 77 75 74 72 69 67 65 62 60 57 54 52 49 47 44 42 40 38 36 34 33 32 31 30 30 30 30 30 31 31 33 34 35 37 39 41 42 44 46 48 50 52 54 56 57 59 61 62 64 65 66 67 68 69 69 69 70 69 69 69 68 67 66 65 63 62 60 58 56 54 52 50 48 45 43 41 39 37 35 34 32 30 29
70 71 73 75 77 78 79 80 81 82 82 82 82 81 81 80 79 77 75 74 72 69 67 65 62 60 57 54 52 49 47 44 42 40 38 36 34 33 32 31 30 30 30 30 30 31 32 33 34 35 37 39 41 43 44 46 48 50 52 54 56 57 59 61 62 64 65 66 67 68 69 69 69 70 69 69 69 68 67 66 65 63 62 60 58 56 54 52 50 48 46 44 42 40 38 36 34 33 32 30
70 71 73 75 77 78 79 80 81 82 82 82 82 81 81 80 79 77 76 74 72 70 67 65 62 60 57 55 52 49 47 45 42 40 38 36 35 33 32 31 31 30 30 30 30 31 32 33 34 36 37 39 41 43 45 47 49 50 52 54 56 58 59 61 63 64 65 66 67 68 69 69 70 70 70 69 69 68 67 66 65 64 62 60 59 57 55 53 51 49 47 45 43 41 39 37 36 34 33 32
70 71 73 75 77 78 79 80 81 82 82 82 82 82 81 80 79 77 76 74 72 70 67 65 63 60 57 55 52 50 47 45 43 40 38 37 35 34 32 32 31 31 30 30 31 31 32 33 35 36 38 40 41 43 45 47 49 51 53 55 56 58 60 61 63 64 66 67 68 68 69 70 70 70 70 70 69 68 68 67 65 64 63 61 59 57 56 54 52 50 48 46 44 42 40 38 37 36 34 33
70 71 73 75 77 78 79 80 81 82 82 82 82 82 81 80 79 77 76 74 72 70 68 65 63 60 58 55 53 50 48 45 43 41 39 37 36 34 33 32 31 31 31 31 31 32 33 34 35 37 38 40 42 44 46 48 50 51 53 55 57 59 60 62 63 65 66 67 68 69 70 70 70 71 70 70 70 69 68 67 66 65 63 62 60 58 56 55 53 51 49 47 45 43 42 40 38 37 36 35
70 71 73 75 77 78 79 80 81 82 82 82 82 82 81 80 79 78 76 74 72 70 68 66 63 61 58 55 53 50 48 46 43 41 39 38 36 35 34 33 32 32 32 32 32 33 34 35 36 38 39 41 43 45 47 48 50 52 54 56 58 59 61 63 64 66 67 68 69 70 70 71 71 71 71 71 70 70 69 68 67 66 64 63 61 59 58 56 54 52 50 48 46 45 43 42 40 39 38 37
70 71 73 75 77 78 79 80 81 82 82 82 82 82 81 80 79 78 76 74 72 70 68 66 63 61 58 56 53 51 49 46 44 42 40 38 37 36 34 34 33 33 32 33 33 34 35 36 37 38 40 42 44 46 47 49 51 53 55 57 59 60 62 64 65 66 68 69 70 71 71 72 72 72 72 72 71 71 70 69 68 67 65 64 62 61 59 57 55 53 52 50 48 46 45 43 42 41 40 39
70 71 73 75 77 78 79 80 81 82 82 82 82 82 81 80 79 78 76 75 73 71 69 66 64 61 59 57 54 52 49 47 45 43 41 39 38 36 35 35 34 34 33 34 34 35 36 37 38 39 41 43 45 47 49 50 52 54 56 58 60 61 63 65 66 67 69 70 71 72 72 73 73 73 73 73 72 72 71 70 69 68 67 65 64 62 60 59 57 55 53 51 50 48 47 45 44 43 42 41
70 71 73 75 77 78 79 80 81 82 82 82 82 82 81 81 79 78 77 75 73 71 69 67 64 62 60 57 55 52 50 48 46 44 42 40 39 37 36 36 35 35 35 35 35 36 37 38 39 41 42 44 46 48 50 52 53 55 57 59 61 63 64 66 67 69 70 71 72 73 73 74 74 74 74 74 74 73 72 72 71 69 68 67 65 64 62 60 58 57 55 53 52 50 49 47 46 45 44 43
70 71 73 75 77 78 79 80 81 82 82 83 82 82 82 81 80 78 77 75 73 71 69 67 65 63 60 58 55 53 51 49 47 45 43 41 40 39 37 37 36 36 36 36 36 37 38 39 40 42 44 45 47 49 51 53 55 57 58 60 62 64 65 67 69 70 71 72 73 74 75 75 76 76 76 75 75 75 74 73 72 71 70 68 67 65 64 62 60 59 57 55 54 52 51 49 48 47 46 45
70 71 73 75 77 78 79 80 81 82 82 83 83 82 82 81 80 79 77 76 74 72 70 68 65 63 61 59 56 54 52 50 48 46 44 42 41 40 39 38 37 37 37 37 38 38 39 41 42 43 45 47 49 51 52 54 56 58 60 62 63 65 67 68 70 71 73 74 75 75 76 77 77 77 77 77 77 76 75 75 74 72 71 70 68 67 65 64 62 60 59 57 56 54 53 52 50 49 48 48
70 71 73 75 77 78 79 81 81 82 83 83 83 82 82 81 80 79 78 76 74 72 70 68 66 64 62 59 57 55 53 51 49 47 45 43 42 41 40 39 39 39 39 39 39 40 41 42 43 45 47 48 50 52 54 56 58 60 61 63 65 67 68 70 71 73 74 75 76 77 78 78 79 79 79 79 78 78 77 76 75 74 73 72 70 69 67 66 64 62 61 59 58 56 55 54 53 52 51 50
70 71 73 75 77 78 79 81 81 82 83 83 83 83 82 81 80 79 78 76 75 73 71 69 67 65 62 60 58 56 54 52 50 48 46 45 43 42 41 41 40 40 40 40 41 42 42 44 45 46 48 50 52 54 56 57 59 61 63 65 67 68 70 72 73 74 76 77 78 79 79 80 80 80 80 80 80 79 79 78 77 76 75 74 72 71 69 68 66 64 63 61 60 59 57 56 55 54 53 52
70 71 73 75 77 78 79 81 82 82 83 83 83 83 82 82 81 80 78 77 75 73 72 70 67 65 63 61 59 57 55 53 51 49 47 46 45 44 43 42 42 42 42 42 42 43 44 45 47 48 50 52 53 55 57 59 61 63 65 67 68 70 72 73 75 76 77 78 79 80 81 82 82 82 82 82 82 81 81 80 79 78 77 75 74 73 71 70 68 67 65 64 62 61 59 58 57 56 55 55
70 71 73 75 77 78 79 81 82 82 83 83 83 83 82 82 81 80 79 77 76 74 72 70 68 66 64 62 60 58 56 54 52 50 49 47 46 45 44 44 43 43 43 44 44 45 46 47 48 50 52 53 55 57 59 61 63 65 66 68 70 72 73 75 76 78 79 80 81 82 83 83 84 84 84 84 83 83 82 82 81 80 79 77 76 75 73 72 70 69 67 66 64 63 62 60 59 58 58 57
70 71 73 75 77 78 79 81 82 82 83 83 83 83 83 82 81 80 79 78 76 75 73 71 69 67 65 63 61 59 57 55 53 52 50 49 48 47 46 45 45 45 45 45 46 47 48 49 50 52 53 55 57 59 61 63 64 66 68 70 72 74 75 77 78 80 81 82 83 84 85 85 85 86 86 86 85 85 84 84 83 82 81 79 78 77 75 74 72 71 69 68 66 65 64 63 62 61 60 59
70 71 73 75 77 78 80 81 82 82 83 83 83 83 83 82 82 81 79 78 77 75 73 72 70 68 66 64 62 60 58 56 55 53 52 50 49 48 47 47 47 46 47 47 48 48 49 51 52 53 55 57 59 61 63 64 66 68 70 72 74 75 77 79 80 81 83 84 85 86 86 87 87 88 88 88 87 87 86 85 85 84 82 81 80 79 77 76 74 73 71 70 68 67 66 65 64 63 62 61
70 71 73 75 77 78 80 81 82 82 83 83 84 83 83 83 82 81 80 79 77 76 74 72 70 69 67 65 63 61 59 57 56 54 53 52 51 50 49 49 48 48 48 49 49 50 51 52 54 55 57 59 61 63 64 66 68 70 72 74 75 77 79 80 82 83 85 86 87 88 88 89 89 89 90 89 89 89 88 87 87 86 84 83 82 81 79 78 76 75 73 72 70 69 68 67 66 65 64 63
70 71 73 75 77 78 80 81 82 83 83 84 84 84 83 83 82 81 80 79 78 76 75 73 71 69 68 66 64 62 60 59 57 56 54 53 52 51 51 50 50 50 50 51 51 52 53 54 56 57 59 61 62 64 66 68 70 72 74 76 77 79 81 82 84 85 86 88 89 89 90 91 91 91 91 91 91 91 90 89 88 87 86 85 84 83 81 80 78 77 75 74 72 71 70 69 68 67 66 65
70 71 73 75 77 78 80 81 82 83 83 84 84 84 84 83 83 82 81 80 78 77 75 74 72 70 69 67 65 63 62 60 58 57 56 55 54 53 52 52 52 52 52 52 53 54 55 56 58 59 61 63 64 66 68 70 72 74 76 77 79 81 83 84 86 87 88 89 90 91 92 93 93 93 93 93 93 93 92 91 90 89 88 87 86 84 83 82 80 79 77 76 74 73 72 71 70 69 68 67
70 71 73 75 77 78 80 81 82 83 83 84 84 84 84 83 83 82 81 80 79 77 76 74 73 71 69 68 66 64 63 61 60 58 57 56 55 54 54 54 53 53 54 54 55 56 57 58 59 61 63 64 66 68 70 72 74 76 78 79 81 83 85 86 88 89 90 91 92 93 94 94 95 95 95 95 95 94 94 93 92 91 90 89 88 86 85 83 82 81 79 78 76 75 74 73 72 71 70 69
70 71 73 75 77 78 80 81 82 83 83 84 84 84 84 84 83 82 82 81 79 78 77 75 74 72 70 69 67 65 64 62 61 60 59 58 57 56 56 55 55 55 55 56 57 58 59 60 61 63 65 66 68 70 72 74 76 78 79 81 83 85 86 88 89 91 92 93 94 95 96 96 97 97 97 97 97 96 96 95 94 93 92 91 90 88 87 85 84 82 81 80 78 77 76 75 74 73 72 71
70 71 73 75 77 78 80 81 82 83 84 84 84 84 84 84 83 83 82 81 80 79 77 76 74 73 71 70 68 67 65 64 62 61 60 59 58 58 57 57 57 57 57 58 58 59 60 62 63 65 66 68 70 72 74 76 78 79 81 83 85 87 88 90 91 93 94 95 96 97 98 98 99 99 99 99 99 98 98 97 96 95 94 93 91 90 89 87 86 84 83 81 80 79 78 76 75 75 74 73
70 71 73 75 77 78 80 81 82 83 84 84 84 85 85 84 84 83 82 81 80 79 78 77 75 74 72 71 69 68 66 65 64 63 61 61 60 59 59 59 58 59 59 60 60 61 62 64 65 67 68 70 72 74 76 78 79 81 83 85 87 89 90 92 93 95 96 97 98 99 100 100 100 100 100 100 100 100 100 99 98 97 96 95 93 92 91 89 88 86 85 83 82 81 80 78 77 76 76 75
70 72 73 75 77 78 80 81 82 83 84 84 85 85 85 85 84 84 83 82 81 80 79 77 76 75 73 72 70 69 67 66 65 64 63 62 61 61 60 60 60 60 61 61 62 63 64 65 67 68 70 72 74 76 78 79 81 83 85 87 89 90 92 94 95 97 98 99 100 100 100 100 100 100 100 100 100 100 100 100 100 99 98 97 95 94 93 91 90 88 87 85 84 83 82 80 79 79 78 77
70 72 74 75 77 79 80 81 82 83 84 85 85 85 85 85 85 84 83 83 82 81 79 78 77 75 74 73 71 70 69 67 66 65 64 64 63 62 62 62 62 62 63 63 64 65 66 67 69 70 72 74 76 78 79 81 83 85 87 89 91 92 94 96 97 98 100 100 100 100 100 100 100 100 100 100 100 100 100 100 100 100 100 99 97 96 95 93 92 90 89 88 86 85 84 83 82 81 80 79
70 72 74 76 77 79 80 82 83 84 84 85 85 86 86 85 85 85 84 83 82 81 80 79 78 76 75 74 72 71 70 69 68 67 66 65 64 64 64 64 64 64 64 65 66 67 68 69 71 72 74 76 78 79 81 83 85 87 89 91 92 94 96 97 99 100 100 100 100 100 100 100 100 100 100 100 100 100 100 100 100 100 100 100 100 98 97 96 94 93 91 90 88 87 86 85 84 83 82 81
71 73 74 76 78 79 81 82 83 84 85 85 86 86 86 86 86 85 85 84 83 82 81 80 79 77 76 75 73 72 71 70 69 68 67 66 66 65 65 65 65 65 66 67 67 68 70 71 72 74 76 78 79 81 83 85 87 89 91 92 94 96 98 99 100 100 100 100 100 100 100 100 100 100 100 100 100 100 100 100 100 100 100 100 100 100 99 98 96 95 93 92 91 89 88 87 86 85 84 84
71 73 75 77 78 80 81 83 84 85 85 86 86 87 87 87 86 86 85 85 84 83 82 81 79 78 77 76 75 73 72 71 70 69 69 68 67 67 67 67 67 67 68 68 69 70 71 73 74 76 77 79 81 83 85 87 89 91 92 94 96 98 100 100 100 100 100 100 100 100 100 100 100 100 100 100 100 100 100 100 100 100 100 100 100 100 100 100 99 97 96 95 93 92 91 90 89 88 87 86
72 74 76 77 79 80 82 83 84 85 86 87 87 87 87 87 87 86 86 85 84 84 83 81 80 79 78 77 76 74 73 72 71 71 70 69 69 68 68 68 68 69 69 70 71 72 73 74 76 77 79 81 83 85 87 89 90 92 94 96 98 100 100 100 100 100 100 100 100 100 100 100 100 100 100 100 100 100 100 100 100 100 100 100 100 100 100 100 100 100 98 97 96 94 93 92 91 90 89 89
73 75 76 78 80 81 83 84 85 86 87 87 88 88 88 88 88 87 87 86 85 84 83 82 81 80 79 78 77 76 75 74 73 72 71 71 70 70 70 70 70 70 71 71 72 73 75 76 77 79 81 83 85 86 88 90 92 94 96 98 100 100 100 100 100 100 100 100 100 100 100 100 100 100 100 100 100 100 100 100 100 100 100 100 100 100 100 100 100 100 100 100 98 97 96 95 94 93 92 91
74 75 77 79 81 82 83 85 86 87 87 88 88 89 89 89 88 88 87 87 86 85 84 83 82 81 80 79 78 77 76 75 74 73 72 72 71 71 71 71 71 72 72 73 74 75 76 78 79 81 82 84 86 88 90 92 94 96 97 99 100 100 100 100 100 100 100 100 100 100 100 100 100 100 100 100 100 100 100 100 100 100 100 100 100 100 100 100 100 100 100 100 100 100 99 97 96 95 95 94
75 77 78 80 81 83 84 86 87 87 88 89 89 89 89 89 89 89 88 88 87 86 85 84 83 82 81 80 79 78 77 76 75 74 73 73 73 72 72 72 73 73 74 74 75 76 78 79 81 82 84 86 88 89 91 93 95 97 99 100 100 100 100 100 100 100 100 100 100 100 100 100 100 100 100 100 100 100 100 100 100 100 100 100 100 100 100 100 100 100 100 100 100 100 100 100 99 98 97 97
76 78 79 81 83 84 85 86 88 88 89 90 90 90 90 90 90 89 89 88 88 87 86 85 84 83 82 81 80 78 78 77 76 75 75 74 74 74 73 74 74 74 75 76 77 78 79 80 82 84 85 87 89 91 93 95 97 98 100 100 100 100 100 100 100 100 100 100 100 100 100 100 100 100 100 100 100 100 100 100 100 100 100 100 100 100 100 100 100 100 100 100 100 100 100 100 100 100 100 99
77 79 81 82 84 85 86 87 88 89 90 91 91 91 91 91 91 90 90 89 88 87 87 86 85 83 82 81 80 79 78 78 77 76 76 75 75 75 75 75 75 75 76 77 78 79 80 82 83 85 87 88 90 92 94 96 98 100 100 100 100 100 100 100 100 100 100 100 100 100 100 100 100 100 100 100 100 100 100 100 100 100 100 100 100 100 100 100 100 100 100 100 100 100 100 100 100 100 100 100
79 80 82 83 85 86 87 89 89 90 91 91 92 92 92 92 91 91 90 90 89 88 87 86 85 84 83 82 81 80 79 78 78 77 76 76 76 76 76 76 76 76 77 78 79 80 81 83 84 86 88 89 91 93 95 97 99 100 100 100 100 100 100 100 100 100 100 100 100 100 100 100 100 100 100 100 100 100 100 100 100 100 100 100 100 100 100 100 100 100 100 100 100 100 100 100 100 100 100 100
80 82 83 85 86 87 89 90 91 91 92 92 93 93 93 93 92 92 91 90 90 89 88 87 86 85 84 83 82 81 80 79 78 78 77 77 76 76 76 77 77 77 78 79 80 81 82 84 85 87 89 91 92 94 96 98 100 100 100 100 100 100 100 100 100 100 100 100 100 100 100 100 100 100 100 100 100 100 100 100 100 100 100 100 100 100 100 100 100 100 100 100 100 100 100 100 100 100 100 100
81 83 84 86 87 89 90 91 92 92 93 93 93 94 93 93 93 92 92 91 90 89 88 87 86 85 84 83 82 81 80 80 79 78 78 77 77 77 77 77 78 78 79 80 81 82 83 85 86 88 90 91 93 95 97 99 100 100 100 100 100 100 100 100 100 100 100 100 100 100 100 100 100 100 100 100 100 100 100 100 100 100 100 100 100 100 100 100 100 100 100 100 100 100 100 100 100 100 100 100
83 84 86 87 89 90 91 92 93 93 94 94 94 94 94 94 94 93 92 92 91 90 89 88 87 86 85 84 83 82 81 80 79 79 78 78 78 78 78 78 78 79 79 80 81 83 84 85 87 89 90 92 94 96 98 100 100 100 100 100 100 100 100 100 100 100 100 100 100 100 100 100 100 100 100 100 100 100 100 100 100 100 100 100 100 100 100 100 100 100 100 100 100 100 100 100 100 100 100 100
84 86 87 89 90 91 92 93 94 94 95 95 95 95 95 95 94 94 93 92 91 90 89 88 87 86 85 84 83 82 81 80 80 79 79 78 78 78 78 78 79 79 80 81 82 83 84 86 87 89 91 93 94 96 98 100 100 100 100 100 100 100 100 100 100 100 100 100 100 100 100 100 100 100 100 100 100 100 100 100 100 100 100 100 100 100 100 100 100 100 100 100 100 100 100 100 100 100 100 100
86 87 89 90 91 92 93 94 95 95 96 96 96 96 96 95 95 94 93 93 92 91 90 88 87 86 85 84 83 82 81 80 80 79 79 78 78 78 78 79 79 80 80 81 82 83 85 86 88 89 91 93 95 97 99 100 100 100 100 100 100 100 100 100 100 100 100 100 100 100 100 100 100 100 100 100 100 100 100 100 100 100 100 100 100 100 100 100 100 100 100 100 100 100 100 100 100 100 100 100
87 89 90 91 92 93 94 95 96 96 96 97 97 96 96 96 95 94 94 93 92 91 90 89 88 86 85 84 83 82 81 81 80 79 79 78 78 78 78 79 79 80 80 81 82 84 85 86 88 90 91 93 95 97 99 100 100 100 100 100 100 100 100 100 100 100 100 100 100 100 100 100 100 100 100 100 100 100 100 100 100 100 100 100 100 100 100 100 100 100 100 100 100 100 100 100 100 100 100 100
89 90 91 92 93 94 95 96 97 97 97 97 97 97 97 96 96 95 94 93 92 91 90 89 87 86 85 84 83 82 81 80 80 79 79 78 78 78 78 79 79 80 80 81 82 84 85 86 88 90 91 93 95 97 99 100 100 100 100 100 100 100 100 100 100 100 100 100 100 100 100 100 100 100 100 100 100 100 100 100 100 100 100 100 100 100 100 100 100 100 100 100 100 100 100 100 100 100 100 100
90 91 92 93 94 95 96 97 97 98 98 98 98 97 97 96 96 95 94 93 92 91 90 89 87 86 85 84 83 82 81 80 79 79 78 78 78 78 78 78 79 79 80 81 82 83 85 86 88 90 91 93 95 97 99 100 100 100 100 100 100 100 100 100 100 100 100 100 100 100 100 100 100 100 100 100 100 100 100 100 100 100 100 100 100 100 100 100 100 100 100 100 100 100 100 100 100 100 100 100
91 92 93 94 95 96 97 98 98 98 98 98 98 98 97 97 96 95 94 93 92 91 90 88 87 86 85 84 82 81 81 80 79 78 78 78 77 77 78 78 78 79 80 81 82 83 85 86 88 89 91 93 95 97 99 100 100 100 100 100 100 100 100 100 100 100 100 100 100 100 100 100 100 100 100 100 100 100 100 100 100 100 100 100 100 100 100 100 100 100 100 100 100 100 100 100 100 100 100 100
92 93 94 95 96 97 98 98 99 99 99 99 98 98 97 97 96 95 94 93 92 90 89 88 87 85 84 83 82 81 80 79 78 78 77 77 77 77 77 77 78 79 79 80 81 83 84 86 87 89 91 93 94 96 98 100 100 100 100 100 100 100 100 100 100 100 100 100 100 100 100 100 100 100 100 100 100 100 100 100 100 100 100 100 100 100 100 100 100 100 100 100 100 100 100 100 100 100 100 100
93 94 95 96 97 98 98 99 99 99 99 99 99 98 97 97 96 95 94 93 91 90 89 87 86 85 84 82 81 80 79 78 78 77 77 76 76 76 76 77 77 78 79 80 81 82 84 85 87 88 90 92 94 96 98 100 100 100 100 100 100 100 100 100 100 100 100 100 100 100 100 100 100 100 100 100 100 100 100 100 100 100 100 100 100 100 100 100 100 100 100 100 100 100 100 100 100 100 100 100
94 95 96 97 98 98 99 99 99 100 99 99 99 98 97 97 96 95 93 92 91 89 88 87 85 84 83 82 80 79 78 78 77 76 76 75 75 75 76 76 76 77 78 79 80 81 83 84 86 88 89 91 93 95 97 99 100 100 100 100 100 100 100 100 100 100 100 100 100 100 100 100 100 100 100 100 100 100 100 100 100 100 100 100 100 100 100 100 100 100 100 100 100 100 100 100 100 100 100 100
95 96 97 98 98 99 99 100 100 100 99 99 99 98 97 96 95 94 93 92 90 89 87 86 85 83 82 81 79 78 77 77 76 75 75 74 74 74 75 75 75 76 77 78 79 80 82 83 85 87 89 90 92 94 96 98 100 100 100 100 100 100 100 100 100 100 100 100 100 100 100 100 100 100 100 100 100 100 100 100 100 100 100 100 100 100 100 100 100 100 100 100 100 100 100 100 100 100 100 100
96 97 97 98 99 99 100 100 100 100 99 99 98 98 97 96 95 93 92 91 89 88 87 85 84 82 81 80 78 77 76 75 75 74 74 73 73 73 73 74 74 75 76 77 78 79 81 82 84 86 88 89 91 93 95 97 99 100 100 100 100 100 100 100 100 100 100 100 100 100 100 100 100 100 100 100 100 100 100 100 100 100 100 100 100 100 100 100 100 100 100 100 100 100 100 100 100 100 100 100
96 97 98 98 99 99 100 100 100 100 99 99 98 97 96 95 94 93 91 90 89 87 86 84 83 81 80 78 77 76 75 74 73 73 72 72 72 72 72 73 73 74 75 76 77 78 80 81 83 85 86 88 90 92 94 96 98 100 100 100 100 100 100 100 100 100 100 100 100 100 100 100 100 100 100 100 100 100 100 100 100 100 100 100 100 100 100 100 100 100 100 100 100 100 100 100 100 100 100 100
97 97 98 99 99 99 100 100 100 99 99 98 98 97 96 95 93 92 91 89 88 86 84 83 81 80 78 77 76 75 74 73 72 71 71 71 71 71 71 71 72 73 74 75 76 77 79 80 82 83 85 87 89 91 93 95 97 99 100 100 100 100 100 100 100 100 100 100 100 100 100 100 100 100 100 100 100 100 100 100 100 100 100 100 100 100 100 100 100 100 100 100 100 100 100 100 100 100 100 100
97 97 98 99 99 99 99 99 99 99 98 98 97 96 95 94 92 91 89 88 86 85 83 82 80 78 77 76 74 73 72 71 71 70 70 69 69 69 69 70 71 71 72 73 74 76 77 79 80 82 84 86 88 90 91 93 95 97 100 100 100 100 100 100 100 100 100 100 100 100 100 100 100 100 100 100 100 100 100 100 100 100 100 100 100 100 100 100 100 100 100 100 100 100 100 100 100 100 100 100
97 97 98 98 99 99 99 99 99 98 98 97 96 95 94 93 91 90 88 87 85 83 82 80 79 77 76 74 73 72 71 70 69 68 68 68 68 68 68 68 69 70 71 72 73 74 76 77 79 81 83 84 86 88 90 92 94 96 98 100 100 100 100 100 100 100 100 100 100 100 100 100 100 100 100 100 100 100 100 100 100 100 100 100 100 100 100 100 100 100 100 100 100 100 100 100 100 100 100 100
97 97 98 98 98 98 98 98 98 98 97 96 95 94 93 92 90 89 87 85 84 82 80 79 77 75 74 73 71 70 69 68 67 67 66 66 66 66 66 67 68 68 69 70 72 73 74 76 78 79 81 83 85 87 89 91 93 95 97 99 100 100 100 100 100 100 100 100 100 100 100 100 100 100 100 100 100 100 100 100 100 100 100 100 100 100 100 100 100 100 100 100 100 100 100 100 100 100 100 100
96 97 97 98 98 98 98 98 97 97 96 95 94 93 92 90 89 87 86 84 82 81 79 77 75 74 72 71 70 68 67 67 66 65 65 65 64 65 65 65 66 67 68 69 70 71 73 75 76 78 80 82 83 85 87 89 91 93 96 98 100 100 100 100 100 100 100 100 100 100 100 100 100 100 100 100 100 100 100 100 100 100 100 100 100 100 100 100 100 100 100 100 100 100 100 100 100 100 100 100
96 96 97 97 97 97 97 97 96 96 95 94 93 92 91 89 88 86 84 83 81 79 77 76 74 72 71 69 68 67 66 65 64 63 63 63 63 63 63 64 64 65 66 67 69 70 71 73 75 76 78 80 82 84 86 88 90 92 94 96 99 100 100 100 100 100 100 100 100 100 100 100 100 100 100 100 100 100 100 100 100 100 100 100 100 100 100 100 100 100 100 100 100 100 100 100 100 100 100 100
95 96 96 96 96 96 96 96 95 95 94 93 92 91 89 88 86 84 83 81 79 77 76 74 72 71 69 68 66 65 64 63 62 62 61 61 61 61 62 62 63 64 65 66 67 68 70 72 73 75 77 79 81 82 84 86 88 90 93 95 97 100 100 100 100 100 100 100 100 100 100 100 100 100 100 100 100 100 100 100 100 100 100 100 100 100 100 100 100 100 100 100 100 100 100 100 100 100 100 100
94 95 95 95 95 95 95 95 94 93 93 92 90 89 88 86 85 83 81 79 77 76 74 72 70 69 67 66 64 63 62 61 61 60 60 60 59 60 60 61 61 62 63 64 66 67 68 70 72 74 75 77 79 81 83 85 87 89 91 93 96 98 100 100 100 100 100 100 100 100 100 100 100 100 100 100 100 100 100 100 100 100 100 100 100 100 100 100 100 100 100 100 100 100 100 100 100 100 100 100
94 94 94 94 94 94 94 93 93 92 91 90 89 88 86 85 83 81 79 78 76 74 72 70 69 67 65 64 63 62 60 60 59 58 58 58 58 58 58 59 60 61 62 63 64 65 67 69 70 72 74 76 78 80 81 83 85 88 90 92 95 97 100 100 100 100 100 100 100 100 100 100 100 100 100 100 100 100 100 100 100 100 100 100 100 100 100 100 100 100 100 100 100 100 100 100 100 100 100 100
92 93 93 93 93 93 92 92 91 91 90 89 87 86 85 83 81 80 78 76 74 72 70 69 67 65 64 62 61 60 59 58 57 57 56 56 56 56 57 57 58 59 60 61 63 64 66 67 69 71 73 74 76 78 80 82 84 86 88 91 93 96 98 100 100 100 100 100 100 100 100 100 100 100 100 100 100 100 100 100 100 100 100 100 100 100 100 100 100 100 100 100 100 100 100 100 100 100 100 100
91 91 92 92 92 91 91 91 90 89 88 87 86 84 83 81 80 78 76 74 72 70 69 67 65 63 62 60 59 58 57 56 56 55 55 55 55 55 55 56 57 58 59 60 61 63 64 66 68 69 71 73 75 77 79 81 83 85 87 89 92 94 97 100 100 100 100 100 100 100 100 100 100 100 100 100 100 100 100 100 100 100 100 100 100 100 100 100 100 100 100 100 100 100 100 100 100 100 100 100
90 90 90 90 90 90 90 89 88 88 87 85 84 83 81 80 78 76 74 72 70 69 67 65 63 62 60 59 58 56 55 55 54 54 53 53 53 54 54 55 55 56 57 59 60 61 63 65 66 68 70 72 74 76 78 80 82 84 86 88 91 93 96 99 100 100 100 100 100 100 100 100 100 100 100 100 100 100 100 100 100 100 100 100 100 100 100 100 100 100 100 100 100 100 100 100 100 100 100 100
89 89 89 89 89 88 88 87 87 86 85 84 82 81 79 78 76 74 72 71 69 67 65 63 62 60 59 57 56 55 54 53 52 52 52 52 52 52 53 53 54 55 56 57 59 60 62 64 65 67 69 71 73 75 76 78 80 83 85 87 90 92 95 97 100 100 100 100 100 100 100 100 100 100 100 100 100 100 100 100 100 100 100 100 100 100 100 100 100 100 100 100 100 100 100 100 100 100 100 100
87 87 87 87 87 87 86 86 85 84 83 82 81 79 78 76 74 72 71 69 67 65 63 62 60 58 57 56 54 53 52 52 51 51 50 50 51 51 51 52 53 54 55 56 58 59 61 63 64 66 68 70 72 74 75 77 79 82 84 86 89 91 94 96 99 100 100 100 100 100 100 100 100 100 100 100 100 100 100 100 100 100 100 100 100 100 100 100 100 100 100 100 100 100 100 100 100 100 100 100
85 85 85 85 85 85 85 84 83 82 81 80 79 77 76 74 72 71 69 67 65 63 62 60 58 57 55 54 53 52 51 50 50 49 49 49 49 50 50 51 52 53 54 55 57 58 60 62 63 65 67 69 71 73 75 76 79 81 83 85 88 90 93 95 98 100 100 100 100 100 100 100 100 100 100 100 100 100 100 100 100 100 100 100 100 100 100 100 100 100 100 100 100 100 100 100 100 100 100 100
84 84 84 84 84 83 83 82 81 81 80 78 77 76 74 72 71 69 67 65 64 62 60 58 57 55 54 53 51 50 50 49 48 48 48 48 48 49 49 50 51 52 53 55 56 57 59 61 63 64 66 68 70 72 74 76 78 80 82 84 87 89 92 95 97 100 100 100 100 100 100 100 100 100 100 100 100 100 100 100 100 100 100 100 100 100 100 100 100 100 100 100 100 100 100 100 100 100 100 99
82 82 82 82 82 81 81 80 80 79 78 76 75 74 72 71 69 67 65 64 62 60 58 57 55 54 52 51 50 49 48 48 47 47 47 47 47 48 48 49 50 51 52 54 55 57 58 60 62 64 66 67 69 71 73 75 77 79 81 84 86 89 91 94 97 99 100 100 100 100 100 100 100 100 100 100 100 100 100 100 100 100 100 100 100 100 100 100 100 100 100 100 100 100 100 100 100 100 99 97
