100 100
70 55 100 42 70 69 51 88 50 95 68 66 97 22 90 70 70 70 49 84 72 89 26 100 48 70 70 43 96 77 65 67 96 65 55 65 67 70 47 84 75 58 84 93 55 63 68 70 70 60 77 71 43 72 84 78 83 82 68 55 61 68 44 100 45 69 59 56 70 100 59 59 56 100 44 70 79 59 70 70 68 61 100 45 82 56 61 55 67 96 70 70 93 72 29 83 70 46 93 70
70 38 68 45 49 93 52 87 58 51 55 90 17 88 99 82 53 50 96 59 67 83 87 47 45 46 82 43 68 73 92 91 72 100 50 55 69 70 62 88 71 65 31 77 99 67 33 100 64 79 51 46 54 94 59 58 80 67 12 89 51 92 48 100 98 85 78 81 69 45 51 83 78 100 49 85 79 71 88 100 63 79 64 25 70 74 62 100 65 85 82 49 94 40 86 54 83 75 24 100
97 72 100 66 72 23 47 69 72 76 100 42 54 75 76 79 78 46 96 52 96 90 100 69 81 100 35 36 48 45 55 66 59 35 27 100 84 68 100 53 75 100 49 100 100 91 100 49 73 86 83 60 41 59 66 73 82 62 65 90 94 60 67 38 23 54 66 59 69 92 100 100 32 31 24 100 46 23 23 27 73 75 100 100 80 64 40 20 65 42 41 54 45 64 66 75 78 100 63 95
42 72 79 31 100 78 100 64 55 58 24 66 89 59 43 24 53 63 91 100 62 27 68 50 62 21 100 100 78 80 53 79 100 75 85 62 83 32 88 59 71 58 39 73 63 19 26 46 58 29 48 100 100 83 27 77 94 60 70 74 95 97 90 66 99 56 59 96 68 23 23 26 89 100 99 39 77 100 100 100 96 46 22 84 72 81 99 100 100 56 79 90 42 89 62 82 23 31 6 40
74 48 38 74 79 89 55 73 84 86 89 84 82 63 89 94 50 100 27 71 45 48 55 70 93 94 32 100 20 98 88 52 82 65 86 46 69 25 67 100 64 41 100 75 54 88 82 100 48 81 91 60 28 100 83 71 40 100 71 43 50 45 91 32 53 88 65 62 100 94 94 93 79 58 42 55 87 76 26 50 56 78 77 88 23 56 76 63 58 38 54 63 71 100 72 83 94 64 86 100
69 88 78 42 65 70 56 61 78 95 68 66 43 100 55 67 67 97 22 97 67 67 70 49 91 69 70 97 21 98 65 82 53 91 40 75 71 97 21 100 64 67 95 66 55 63 80 82 20 93 71 83 82 19 100 62 56 57 100 55 61 69 95 44 81 60 68 69 69 69 69 70 45 70 95 69 60 81 95 44 70 78 84 46 70 68 62 80 70 70 70 77 37 67 82 81 63 79 69 69
65 48 100 100 54 51 33 100 54 90 51 38 97 31 46 67 100 73 43 30 94 93 70 54 48 47 40 60 100 61 51 84 64 58 99 87 95 88 52 89 87 35 51 100 91 45 46 54 81 47 56 86 44 86 64 91 51 51 85 48 87 45 71 72 71 78 76 78 33 61 56 91 52 100 51 92 87 92 91 94 55 51 45 100 71 35 43 100 41 61 82 63 92 52 100 56 59 65 51 47
97 77 100 59 56 87 92 100 40 66 100 73 62 84 100 69 44 74 100 85 25 47 99 100 54 85 44 94 84 52 91 87 1 43 44 26 72 83 35 32 24 100 55 66 79 59 96 81 100 79 66 100 58 84 17 84 97 39 86 100 78 100 49 70 100 100 100 100 54 87 94 78 86 100 77 25 57 21 24 41 93 61 84 69 68 100 100 69 71 95 86 63 79 22 66 91 90 81 100 59
42 47 56 18 90 49 98 48 0 69 63 100 58 100 100 48 35 67 68 18 78 92 71 65 50 68 79 100 57 31 74 96 96 100 86 100 16 98 100 73 77 24 89 73 68 100 75 10 57 61 79 32 18 97 100 67 59 78 75 69 62 15 36 50 69 39 45 55 54 100 22 19 51 44 71 100 56 91 70 83 62 94 70 58 60 31 62 45 87 93 46 85 86 97 88 22 40 46 90 41
75 48 100 68 79 85 51 80 74 100 43 52 55 78 56 82 87 97 32 97 87 57 100 68 50 78 59 54 69 79 79 38 84 21 100 40 92 51 86 54 94 90 96 39 56 55 56 100 68 58 83 89 86 69 53 45 88 56 36 84 45 88 92 89 95 61 84 47 36 90 84 86 100 37 44 49 94 95 36 100 54 67 64 85 52 84 49 47 81 63 58 50 48 100 36 96 75 36 74 100
68 88 22 96 71 71 89 78 61 50 71 51 100 62 49 71 87 25 97 65 74 56 85 47 89 68 85 54 71 71 68 54 59 97 68 71 83 81 66 55 63 81 28 72 83 74 58 100 44 62 77 84 83 44 59 78 59 57 96 71 70 58 100 69 56 60 67 68 69 60 82 79 33 100 57 59 67 45 68 94 68 68 94 45 56 82 62 100 72 30 84 77 36 66 96 66 63 79 44 96
66 92 35 33 74 56 57 37 99 86 91 100 94 58 81 93 58 71 55 51 76 89 85 55 89 83 56 48 100 43 62 52 100 35 95 68 51 58 100 90 42 37 91 100 36 72 83 44 90 59 94 67 46 100 61 91 58 42 100 40 81 53 54 29 88 61 75 40 84 41 100 40 60 50 100 86 48 80 67 44 95 74 75 84 65 69 77 85 37 41 82 88 82 66 52 47 63 100 66 87
42 52 30 88 48 61 100 95 57 14 79 97 30 73 73 25 90 56 74 100 68 63 60 59 54 49 51 100 100 100 65 73 36 2 64 72 77 34 70 48 81 71 93 31 80 40 81 72 100 28 76 63 23 100 24 25 92 100 62 43 66 60 64 85 68 100 100 67 72 47 28 100 46 52 32 25 100 84 65 100 47 45 71 68 5 99 45 87 70 92 83 57 62 74 53 70 45 37 80 27
97 82 49 100 88 77 65 99 80 64 62 47 24 72 67 96 49 73 97 92 69 85 18 57 93 88 78 55 59 39 68 84 84 81 93 75 66 46 100 83 84 79 100 20 100 90 82 42 94 100 56 100 55 90 53 94 47 93 68 100 85 100 44 98 60 51 40 61 64 92 100 29 70 85 81 80 46 47 21 73 67 100 70 99 96 73 94 100 46 27 75 94 90 54 53 100 100 36 84 77
75 92 64 93 100 89 41 53 69 98 48 43 97 68 50 62 83 35 37 77 72 87 72 100 43 55 51 32 100 47 74 92 79 70 48 74 99 54 99 58 38 48 90 20 100 58 85 63 19 52 43 53 100 82 60 57 80 37 29 92 55 75 37 100 73 78 54 100 56 70 73 91 100 30 100 100 85 88 57 69 80 44 51 27 83 58 68 38 98 100 63 49 83 24 84 76 55 88 49 97
67 51 61 77 82 70 58 87 67 73 68 68 99 44 72 72 87 25 97 65 72 56 58 96 71 67 85 28 97 60 74 70 42 95 75 65 69 68 46 92 72 83 82 20 100 65 53 85 72 62 76 56 100 41 58 80 83 84 21 94 68 83 56 45 85 78 62 80 69 72 72 79 81 20 84 78 68 67 70 59 81 72 44 94 58 81 68 45 92 67 69 77 62 69 68 70 61 100 48 72
66 80 100 67 61 87 100 71 34 87 68 70 64 63 88 92 91 13 100 69 87 54 57 75 94 83 87 100 52 80 53 49 38 100 37 64 73 60 63 85 67 55 72 100 41 79 55 99 100 47 53 53 42 96 20 80 60 71 68 82 49 56 88 59 45 61 62 93 46 80 55 60 64 35 94 50 49 78 100 35 81 90 92 14 70 83 74 44 86 38 50 87 59 87 56 60 83 50 58 89
70 69 38 100 62 79 18 83 82 46 96 100 85 48 64 78 87 100 53 66 50 36 60 92 87 82 67 81 83 85 84 59 79 60 62 64 20 16 65 100 37 37 28 100 91 67 38 76 65 85 55 47 43 73 55 98 58 100 100 51 100 68 84 41 100 60 93 40 53 61 79 59 100 85 53 93 54 84 86 27 65 58 49 49 89 100 99 100 82 93 100 47 72 100 31 47 21 88 100 61
90 68 24 93 43 62 100 38 66 100 21 46 87 86 76 20 22 100 45 69 89 100 43 54 98 43 100 38 12 28 68 100 100 62 100 89 100 84 87 100 72 70 50 75 30 68 100 75 51 100 100 100 67 76 75 39 41 69 90 45 17 98 78 48 100 84 46 100 100 93 39 66 57 56 51 55 100 73 95 70 84 95 42 82 100 38 63 66 19 22 21 42 79 100 36 84 100 65 88 70
55 98 57 79 84 48 56 53 89 34 83 89 45 55 58 97 54 69 59 86 48 82 78 41 54 67 48 99 62 88 68 61 74 37 47 54 78 84 42 52 96 79 64 100 85 69 77 65 25 55 48 75 69 91 98 63 90 48 77 53 96 67 55 67 74 43 78 60 11 100 76 79 37 65 97 83 34 37 90 75 42 42 41 72 100 64 55 84 87 85 84 83 65 84 55 83 42 89 55 36
67 67 67 68 67 70 76 45 80 92 72 67 67 67 67 67 52 100 65 55 67 50 59 100 41 73 88 55 48 82 77 90 81 42 59 74 75 68 90 46 67 83 82 42 67 72 72 96 42 76 63 83 31 72 84 78 83 33 73 93 67 78 31 100 43 72 59 84 45 93 73 79 83 20 95 72 72 95 72 47 72 72 46 100 43 67 67 45 69 85 83 63 100 18 94 72 72 93 48 57
66 47 88 55 37 53 89 16 100 68 56 82 83 71 52 83 86 45 41 90 86 38 55 100 41 73 89 88 58 90 89 88 42 75 72 53 74 99 12 84 88 100 85 35 42 62 61 100 64 46 85 61 56 79 100 53 58 100 32 91 50 83 57 93 54 56 75 100 100 66 48 78 73 84 96 62 63 57 70 99 88 48 100 23 100 55 50 43 78 98 85 86 58 33 77 71 79 85 83 62
70 100 100 100 100 59 57 63 98 21 87 83 41 71 100 78 84 84 100 100 51 100 78 30 73 73 45 85 65 100 80 100 21 100 100 83 85 64 45 100 58 32 84 57 80 100 58 100 96 88 80 76 35 53 12 64 32 30 39 63 80 87 95 40 81 100 77 38 77 51 91 92 88 85 44 32 39 44 100 72 26 100 100 50 100 92 80 96 57 32 47 58 99 63 100 52 39 83 70 71
48 47 46 39 43 100 51 81 93 83 92 28 80 100 16 40 96 60 64 42 89 63 100 62 89 70 34 34 34 45 44 32 15 60 23 45 30 86 81 74 50 100 37 30 100 45 82 54 30 64 64 73 100 100 88 98 100 100 100 86 67 66 72 38 70 12 45 92 67 41 92 33 45 63 80 69 75 46 100 45 78 16 28 42 100 38 67 57 53 100 92 71 25 42 85 92 90 34 74 76
84 94 84 69 57 48 53 100 63 47 43 97 37 93 100 67 39 39 75 46 48 47 52 41 90 73 72 90 100 46 73 94 92 73 100 91 98 65 54 59 85 59 64 54 75 69 51 99 47 53 41 51 85 17 100 68 54 68 51 41 83 33 45 100 94 82 79 79 23 95 45 53 100 54 53 83 92 51 84 47 100 91 97 73 63 67 83 86 18 98 51 69 100 100 31 88 71 55 100 65
73 66 66 66 71 69 83 24 77 95 72 45 59 95 72 67 69 46 100 42 72 56 57 96 72 66 54 100 19 99 65 82 81 63 36 74 68 66 90 55 64 54 87 73 64 80 84 58 70 67 73 73 44 100 55 58 65 72 47 93 66 73 47 100 59 61 79 32 96 72 66 73 42 100 57 63 78 83 69 29 80 62 77 94 43 66 66 93 48 60 84 59 75 94 28 79 66 46 90 66
72 57 88 45 83 85 88 24 77 85 74 53 70 100 54 85 58 100 77 41 57 87 63 100 50 51 84 35 62 90 54 69 39 52 44 74 84 32 100 53 48 80 96 78 58 67 81 45 45 97 95 46 66 55 53 50 55 100 15 82 83 99 75 90 98 76 54 79 96 47 74 81 43 70 71 83 64 71 59 100 54 53 52 70 68 78 83 49 85 56 57 82 92 55 97 71 73 82 55 82
96 48 100 84 80 80 88 63 100 62 69 76 97 66 70 25 100 24 55 100 89 51 6 52 84 100 67 99 83 30 89 65 55 100 68 98 92 100 76 37 89 100 65 0 62 95 63 70 100 33 61 100 100 49 100 100 75 50 96 100 47 47 82 86 34 24 58 77 100 96 85 46 35 93 48 91 61 28 20 53 77 58 41 93 19 54 27 40 100 61 60 59 90 51 52 66 66 97 41 18
43 93 74 46 24 64 94 64 61 51 47 37 72 68 69 73 38 68 76 64 93 92 100 87 67 21 71 46 55 98 94 100 54 100 65 41 56 17 37 72 71 65 100 47 86 18 55 74 100 58 98 40 75 39 64 41 55 32 93 74 86 67 40 91 81 93 92 66 42 22 27 92 57 100 78 58 78 100 100 98 46 99 68 100 63 100 100 39 88 22 81 77 18 51 71 39 44 100 98 95
62 21 45 100 97 40 29 100 69 51 91 85 28 81 96 84 100 62 6 89 47 60 65 43 100 84 61 100 73 57 47 53 49 76 99 65 82 55 100 98 65 41 94 53 92 78 49 36 51 83 53 51 64 100 72 76 91 54 78 51 55 73 35 83 67 53 66 100 76 59 97 60 74 92 52 55 98 39 65 22 95 71 30 79 39 88 48 78 100 50 95 69 71 97 76 75 84 46 17 54
74 74 46 79 85 74 52 85 87 44 71 56 60 95 66 74 87 55 51 97 67 62 72 71 59 77 53 100 19 95 65 48 81 45 99 65 82 78 18 84 75 90 79 42 74 74 74 100 22 100 62 60 80 93 59 61 56 100 20 93 66 85 83 42 77 64 64 65 65 77 55 59 56 69 100 54 60 84 46 96 75 82 64 97 43 65 74 94 48 87 61 73 50 100 41 72 67 82 74 87
87 55 63 78 83 88 60 90 28 100 54 51 100 38 76 74 100 85 64 44 72 86 81 50 75 76 84 48 99 83 84 52 100 63 41 74 87 60 64 82 54 73 74 31 83 87 85 34 72 84 76 85 81 29 100 84 84 99 67 48 82 58 55 67 79 57 77 68 82 69 76 85 96 13 73 93 94 27 100 43 57 57 93 56 93 56 87 49 100 22 84 57 60 100 40 46 78 51 31 72
27 37 78 84 100 55 100 86 56 78 57 50 89 100 36 98 37 40 100 45 99 100 39 45 67 44 66 26 63 49 81 52 82 65 40 75 41 81 69 31 62 26 96 66 49 81 63 90 68 48 77 100 98 13 81 81 63 83 37 34 87 100 80 76 40 100 46 71 81 85 65 61 46 65 98 30 83 57 100 10 68 65 25 42 70 75 27 17 76 87 100 80 35 91 68 100 100 100 37 73
100 77 63 28 45 92 65 44 21 65 100 100 59 97 73 21 100 43 100 73 67 67 61 100 79 95 85 48 81 100 65 100 66 86 40 50 83 67 69 37 100 71 86 46 79 23 34 77 65 70 49 26 80 29 52 18 97 89 79 96 44 14 71 100 100 69 100 64 53 36 38 78 33 91 100 100 69 31 91 56 77 98 61 49 69 100 100 97 100 89 67 87 92 100 61 38 24 39 15 100
47 91 96 63 49 48 91 100 60 81 49 57 32 79 62 90 77 28 80 41 47 54 47 100 48 59 74 80 31 40 40 76 25 100 62 91 84 46 100 93 48 70 100 34 96 100 89 100 71 55 93 94 87 90 83 93 54 23 65 100 63 92 57 20 61 56 41 26 90 100 76 77 45 87 54 40 62 80 91 100 82 70 91 63 99 67 76 49 78 45 42 48 38 94 36 66 100 100 35 79
70 84 23 78 94 69 47 84 86 44 71 51 82 65 59 72 95 81 44 80 67 61 65 68 68 78 77 98 45 74 75 90 28 72 95 65 72 44 94 57 75 62 89 47 96 58 63 42 98 73 65 74 40 100 31 72 66 43 93 55 78 82 83 20 84 79 75 96 17 91 74 60 77 92 32 79 56 100 17 79 82 74 63 46 95 63 62 75 65 78 54 76 65 74 72 66 71 84 73 58
84 75 29 87 84 70 55 60 90 60 54 76 35 89 86 67 55 93 38 64 67 50 90 22 91 57 57 93 65 43 76 60 73 38 83 74 60 100 37 45 61 59 98 100 48 59 83 60 69 77 89 88 45 64 75 53 81 59 85 34 78 57 79 59 100 47 85 48 67 84 95 61 100 20 100 59 52 32 76 47 95 83 37 94 94 56 83 46 100 41 79 56 57 91 48 80 61 100 28 98
28 60 63 85 29 70 95 36 69 100 100 14 95 91 95 42 100 100 74 91 42 70 72 89 98 58 72 91 78 61 67 76 93 42 40 48 83 100 60 100 82 76 50 100 66 100 44 88 24 32 83 81 46 85 56 64 29 94 76 77 78 100 96 81 56 76 62 33 83 100 30 41 96 65 100 34 100 52 97 71 76 87 66 63 50 58 81 84 49 84 47 100 100 69 25 82 73 33 20 87
73 83 56 68 100 47 51 45 95 87 20 100 59 25 48 97 61 97 82 4 73 67 40 70 34 75 83 38 69 100 90 71 71 85 85 100 22 87 41 44 89 71 20 73 41 17 65 100 85 73 23 16 61 76 64 81 92 77 41 64 71 64 68 72 73 38 97 41 77 60 92 100 57 29 89 67 44 67 75 48 54 66 94 82 68 40 46 56 3 52 67 20 67 54 47 23 96 100 69 100
100 100 89 35 64 100 86 33 84 91 85 44 80 97 48 63 33 37 100 71 93 93 65 100 54 87 52 32 72 95 55 48 48 100 41 55 100 90 77 54 38 55 57 61 87 92 74 11 70 100 100 92 100 51 85 100 62 95 78 67 70 48 28 29 100 85 38 44 100 59 53 76 90 43 52 100 63 88 92 100 37 31 57 76 100 85 85 79 100 100 89 100 100 72 99 100 55 84 33 42
64 55 100 21 83 64 87 47 64 65 75 75 98 22 90 75 53 59 100 43 72 67 45 98 72 72 82 58 71 64 64 75 48 100 74 64 55 53 90 73 69 54 100 49 83 63 73 44 72 92 64 76 81 20 84 78 83 31 92 64 64 75 75 48 83 79 76 96 20 95 75 60 76 92 31 75 79 39 68 78 81 76 41 62 92 75 64 45 100 38 64 64 74 69 50 77 64 97 75 44
54 100 47 63 77 82 57 100 60 47 58 88 17 66 95 56 69 39 87 62 83 82 100 49 74 75 59 93 65 45 54 43 93 59 85 73 85 27 88 54 58 82 100 62 28 75 60 98 30 56 53 42 91 53 100 62 82 46 88 54 54 85 49 100 44 60 47 91 51 86 94 47 100 69 41 55 65 70 71 52 57 93 95 58 67 83 82 83 50 100 57 74 73 22 90 82 60 49 72 63
84 89 61 33 46 82 53 73 100 46 85 38 55 86 90 100 100 88 47 31 53 27 100 64 76 100 100 66 35 91 100 100 92 54 96 67 46 34 37 81 100 67 61 51 92 76 94 100 91 73 79 100 37 30 46 74 82 88 77 100 100 82 86 80 93 74 100 54 50 41 76 100 100 69 54 76 59 64 74 38 48 50 100 63 40 98 82 77 59 63 94 98 70 55 76 100 100 100 99 26
46 76 67 100 100 20 36 62 100 61 71 81 96 97 65 45 67 45 58 87 45 100 55 5 23 67 22 65 76 61 18 35 38 62 100 44 87 100 71 100 66 100 91 79 35 70 50 23 31 44 46 27 55 100 92 77 22 50 41 66 21 70 97 55 68 51 15 100 100 95 15 65 36 69 75 41 100 76 100 100 100 68 52 79 44 38 63 100 80 24 65 20 80 66 48 44 17 56 100 59
84 71 32 89 37 100 99 40 64 84 62 65 74 72 54 63 100 76 100 43 100 55 73 92 99 51 97 51 100 88 100 47 62 83 48 93 49 98 8 57 38 48 42 100 65 63 88 47 86 97 100 96 100 92 24 85 100 100 69 56 85 58 41 33 80 85 91 48 43 65 100 46 35 99 96 100 30 43 74 55 46 69 29 100 49 49 40 61 94 55 55 83 80 82 72 59 83 29 72 55
76 45 82 67 75 63 87 47 45 90 76 64 95 40 70 74 49 59 100 54 63 76 94 17 97 60 60 41 77 96 63 60 100 65 40 75 78 76 76 68 82 86 81 41 73 63 62 73 76 66 77 83 77 16 92 63 75 81 41 55 85 82 52 63 54 85 60 86 45 88 63 60 61 72 82 74 76 90 39 77 60 84 66 76 76 77 77 55 70 74 62 69 74 93 29 81 70 56 100 58
71 51 91 61 51 55 51 100 37 64 83 82 25 90 63 82 83 26 93 57 55 83 46 100 42 71 86 63 100 49 55 85 45 83 48 83 73 27 75 100 79 81 47 100 88 63 79 63 58 61 83 58 97 29 68 60 54 42 100 69 80 82 45 31 83 84 56 33 94 81 82 79 35 100 94 72 80 94 81 56 82 58 82 34 63 83 62 89 57 100 54 77 100 70 19 81 52 87 50 62
43 100 55 26 61 83 24 100 63 63 56 61 55 72 100 30 60 93 100 100 100 32 75 68 85 44 98 84 72 78 80 97 62 86 87 52 98 61 80 42 33 67 29 65 78 100 83 62 74 83 50 56 100 76 68 94 100 51 76 29 45 98 100 85 98 63 58 54 62 66 74 45 80 100 34 27 45 37 95 35 81 100 100 70 94 28 62 44 24 40 100 28 64 81 98 35 77 100 24 74
72 45 93 92 100 46 100 94 41 63 47 38 63 66 21 73 40 66 31 77 42 100 100 68 70 71 20 84 35 13 69 28 53 76 98 90 29 82 99 76 100 100 57 62 14 50 22 33 94 76 69 68 100 59 67 40 20 27 100 100 92 25 29 6 13 56 100 35 82 100 34 90 68 48 44 100 100 48 97 43 66 15 56 45 100 100 62 91 100 60 56 93 20 58 91 100 69 73 0 78
84 56 61 33 91 94 61 75 56 83 93 82 72 100 86 84 82 100 13 75 76 79 46 48 48 99 80 95 65 91 82 99 45 29 79 55 49 64 65 91 32 42 68 100 93 66 92 46 100 63 67 83 53 12 100 72 93 95 85 26 55 93 88 100 82 100 72 79 62 53 59 69 100 67 94 54 48 91 100 49 38 94 100 43 44 44 64 59 100 28 90 55 100 100 45 58 74 100 49 100
77 84 56 72 58 71 67 72 57 100 68 55 100 25 97 77 60 100 22 89 62 53 81 68 76 62 61 61 100 41 63 76 98 46 75 63 91 83 65 47 76 56 78 39 87 76 57 89 50 94 77 82 62 70 62 63 81 82 47 67 85 77 65 90 55 61 86 84 48 87 60 62 44 91 62 64 71 89 45 65 78 78 53 92 56 59 77 84 50 61 75 77 88 17 80 74 63 55 66 83
71 81 56 98 50 82 51 61 100 78 71 92 89 31 86 73 86 47 100 37 55 81 89 60 68 64 64 62 75 90 81 83 83 99 50 81 98 84 60 44 65 42 54 71 100 65 81 93 34 94 66 83 83 68 54 60 57 57 100 80 59 58 56 33 85 82 59 33 100 48 82 78 44 93 71 70 55 80 94 23 94 58 77 68 61 82 82 82 57 100 56 58 44 84 62 79 63 100 54 91
96 60 74 27 84 55 76 71 97 82 96 100 37 25 44 72 46 52 100 55 59 84 86 100 33 95 28 38 72 61 53 79 82 64 79 30 21 53 85 49 73 70 40 69 100 42 97 46 97 74 79 87 88 53 51 94 93 30 63 34 57 74 100 38 100 23 64 42 40 65 23 96 77 100 100 46 100 84 42 39 67 100 94 97 94 30 30 75 98 56 78 89 78 27 61 42 94 60 97 32
67 100 100 52 58 69 56 47 22 55 43 29 93 100 79 47 31 48 81 25 100 57 4 72 100 67 87 100 94 85 91 14 63 36 70 98 65 52 100 53 75 87 100 74 48 98 69 36 93 56 86 30 94 80 38 47 68 95 100 76 75 82 88 65 100 67 96 75 59 100 66 67 59 44 48 59 67 100 69 63 100 67 27 20 24 78 100 33 34 2 83 53 60 49 100 100 47 29 74 58
55 20 52 49 81 60 93 96 25 89 68 100 80 46 49 100 81 100 100 68 38 94 64 69 38 55 46 100 44 55 55 91 64 44 100 73 85 42 100 68 74 49 93 69 44 76 38 85 86 35 30 47 100 100 49 68 49 52 80 46 89 29 58 88 51 100 72 88 63 100 84 55 92 71 67 70 56 54 72 79 55 44 82 100 90 100 37 97 100 85 71 90 96 39 47 38 85 73 58 90
62 72 77 58 96 77 52 94 95 55 68 76 23 79 100 60 83 79 22 91 77 63 46 100 76 61 76 44 93 61 62 76 58 71 71 65 75 77 52 100 64 81 49 42 84 76 79 97 20 94 78 77 65 38 78 85 83 50 42 100 69 87 53 90 44 63 73 38 94 64 77 61 93 40 61 62 71 51 41 100 58 77 40 86 49 73 77 87 38 79 65 77 77 47 97 77 62 53 65 100
80 94 17 100 46 60 84 83 74 64 68 47 100 39 54 70 84 46 100 43 74 83 37 100 48 56 59 31 100 37 80 42 56 100 80 81 57 100 71 66 64 54 100 13 94 82 96 33 89 70 76 82 39 76 83 79 83 45 99 70 79 61 90 51 95 80 80 87 64 33 80 57 58 57 68 47 77 68 55 93 81 83 46 100 40 55 51 67 69 81 84 66 47 66 100 59 74 72 81 95
31 47 57 100 78 82 70 24 32 96 96 84 82 77 54 44 46 0 67 79 44 82 55 91 81 100 98 83 100 100 86 100 86 30 77 82 55 68 96 85 64 79 85 60 38 51 32 74 100 32 61 47 25 65 95 97 83 88 60 74 100 78 72 25 38 39 91 57 76 78 100 75 70 36 79 56 78 26 47 9 81 83 69 100 78 91 75 100 100 50 92 78 38 80 49 53 97 41 97 26
100 100 45 44 19 93 99 100 100 95 45 100 66 60 85 94 79 82 96 59 71 60 75 69 94 47 64 46 38 33 44 29 82 68 66 20 37 27 92 61 93 61 100 100 100 63 100 72 77 100 70 89 60 56 72 40 67 63 42 35 69 52 92 58 89 100 69 63 82 54 21 68 80 94 100 72 98 98 100 84 47 72 41 32 18 51 41 28 59 15 75 93 100 97 66 100 47 18 100 30
45 38 91 100 100 34 51 52 44 39 71 60 45 34 100 68 100 69 63 88 93 35 94 45 51 83 100 37 61 91 66 93 62 76 46 100 100 79 100 30 51 49 51 52 66 65 34 89 36 54 73 56 100 81 52 64 53 85 100 66 47 91 64 56 100 28 25 44 84 97 87 88 49 57 65 95 37 17 64 100 95 54 73 56 87 84 95 96 100 35 38 61 71 29 29 93 85 68 100 44
70 84 20 100 43 78 62 95 63 45 71 65 100 72 51 72 65 61 47 100 66 83 26 93 54 65 80 45 77 91 74 87 47 67 84 56 73 46 39 76 75 85 48 38 77 76 80 98 67 45 61 57 100 67 36 77 51 55 92 72 52 57 75 90 36 88 79 90 20 90 79 62 61 69 65 82 87 36 100 42 63 78 35 73 100 79 77 84 72 32 91 62 76 100 48 61 61 92 51 92
70 54 57 43 93 81 76 81 81 85 68 71 31 85 91 81 80 45 100 86 55 50 59 100 54 65 73 77 18 75 74 57 75 41 91 57 54 92 70 58 59 83 19 93 70 76 85 82 49 80 80 81 89 43 71 89 81 65 81 68 77 59 76 100 67 73 91 94 74 57 60 79 95 20 86 91 60 53 94 50 92 78 35 74 100 57 50 54 99 80 83 87 49 93 75 54 62 88 68 65
44 99 72 73 53 58 36 32 49 87 68 91 60 38 100 55 16 91 31 75 56 52 100 100 85 72 73 69 32 95 74 57 100 77 100 100 43 35 100 93 77 46 100 39 50 45 61 82 100 84 26 66 49 76 37 84 62 89 48 75 46 65 47 83 29 30 50 48 100 64 42 32 46 35 54 25 56 73 33 100 85 97 65 17 51 32 54 87 86 10 31 78 100 82 90 76 38 61 20 100
70 66 100 92 82 70 85 73 83 73 93 12 52 82 75 67 100 80 10 71 69 52 81 40 62 73 95 82 97 70 70 69 46 26 31 20 100 67 61 47 42 69 32 49 100 92 86 35 81 75 100 83 55 71 72 40 57 100 57 85 67 100 56 93 100 90 69 36 58 13 100 100 100 95 75 94 91 79 43 48 25 24 100 81 100 64 70 69 83 68 87 16 37 35 56 51 89 94 58 100
100 62 82 30 61 80 54 80 100 34 34 79 59 100 42 67 44 61 84 100 92 57 100 48 51 61 71 37 100 61 77 83 81 100 64 93 80 73 25 87 95 92 86 93 44 65 55 40 80 26 40 79 78 71 100 61 56 71 34 79 97 33 95 57 39 64 69 71 94 84 68 43 25 68 78 76 71 57 100 73 100 91 47 39 87 81 82 55 62 88 51 100 100 61 46 84 75 100 74 43
60 84 81 45 60 61 88 18 93 79 78 60 69 100 47 68 59 63 100 43 73 89 46 60 69 76 59 61 42 90 60 84 46 60 69 64 54 91 97 38 75 58 100 42 69 75 62 42 99 79 78 57 57 100 47 61 57 75 89 44 60 58 56 71 83 79 89 93 69 39 78 79 79 99 55 57 50 54 100 51 60 78 39 94 91 66 70 100 51 65 92 68 52 45 91 91 61 61 92 41
58 87 44 78 40 79 80 64 43 89 60 42 58 77 84 82 100 63 81 86 77 77 98 25 100 81 95 82 21 90 58 84 45 67 71 74 82 46 100 29 75 82 63 86 37 66 83 81 26 93 67 58 74 83 34 59 81 65 51 100 61 69 30 100 35 79 61 77 50 100 50 80 81 95 34 60 67 73 21 100 58 60 76 69 49 83 68 68 49 83 81 62 87 100 67 59 75 69 68 63
81 85 64 37 100 32 77 59 100 63 100 62 100 39 43 60 40 70 43 20 83 34 83 90 40 86 75 100 87 100 100 85 100 60 83 96 71 69 87 55 96 70 86 28 65 100 98 99 15 72 63 44 34 100 54 56 96 42 26 99 94 100 38 100 94 63 97 97 59 51 100 34 74 40 46 89 76 100 52 98 71 74 28 100 71 86 76 89 64 100 97 74 95 18 77 80 65 23 94 90
45 99 85 60 36 100 25 23 85 85 18 63 70 79 54 72 100 100 82 62 68 100 78 41 66 71 15 65 70 31 19 28 79 49 25 69 84 48 51 100 42 51 57 57 100 69 69 100 58 100 100 100 95 100 66 98 21 68 71 94 69 20 60 70 80 60 14 100 94 62 55 100 100 82 47 50 70 57 68 45 44 86 100 100 30 62 86 82 42 31 40 52 59 63 100 13 88 100 62 34
100 41 44 97 79 34 100 87 74 64 93 79 30 100 82 71 83 48 74 100 54 32 91 33 87 34 100 66 84 62 84 47 66 100 94 44 83 85 20 64 64 100 51 81 95 46 56 38 22 57 75 79 36 64 11 87 100 59 71 84 55 74 100 41 45 61 95 60 56 48 66 77 31 81 77 82 66 26 100 66 100 28 40 82 58 53 50 58 98 81 62 89 87 48 29 100 50 59 59 78
60 100 74 20 98 79 78 55 72 65 69 48 61 94 66 67 49 80 60 54 62 81 65 42 85 84 79 43 59 54 84 82 65 42 99 65 82 48 68 86 64 57 41 91 52 76 62 75 98 55 62 55 56 100 77 60 59 94 69 45 59 78 62 93 65 62 78 50 60 73 69 60 88 50 100 70 79 62 84 23 83 88 70 79 88 50 68 27 63 82 81 80 95 52 89 47 59 55 91 47
79 57 73 53 75 61 63 94 39 66 78 49 94 96 54 67 49 93 79 77 59 44 56 75 92 80 54 77 84 40 75 88 61 97 49 79 65 94 98 40 75 61 93 66 54 63 64 78 41 84 76 49 47 100 56 61 58 76 79 76 59 60 59 45 94 88 61 75 94 49 70 79 39 100 43 89 62 47 58 88 78 62 100 67 26 92 87 84 71 42 59 73 89 100 30 83 75 93 77 30
33 54 98 40 94 56 100 90 55 85 33 88 94 51 92 94 82 32 16 62 100 63 44 95 52 33 79 44 100 85 45 47 75 54 90 83 44 93 71 35 75 100 100 27 84 44 67 100 44 84 77 100 100 70 22 43 45 89 60 35 100 73 100 67 30 67 97 55 52 100 40 83 77 100 63 69 44 94 80 71 50 75 25 63 87 35 53 58 76 31 66 32 55 16 97 62 76 33 69 92
100 86 87 70 66 95 28 68 49 18 94 54 85 73 66 20 84 56 100 100 45 36 62 100 87 93 60 47 71 42 92 85 100 72 70 70 55 46 49 100 47 53 83 21 57 98 71 57 5 46 98 71 100 82 64 100 83 47 66 99 53 59 41 31 73 49 70 98 71 34 74 50 6 70 53 45 74 22 45 69 70 49 58 100 100 100 41 47 94 100 95 98 79 32 100 88 47 96 40 30
56 61 44 80 53 70 99 88 86 100 56 91 45 44 58 83 87 34 88 17 71 99 60 85 39 55 93 91 77 66 55 52 75 47 33 57 60 94 68 77 94 93 87 61 80 86 58 100 93 81 43 42 41 62 97 32 47 100 68 29 89 50 84 63 100 93 42 7 84 87 84 89 79 96 60 97 100 94 86 82 67 94 65 100 41 37 84 46 65 98 70 63 72 58 84 57 83 86 58 70
60 40 93 58 94 69 83 86 46 65 78 56 94 39 60 81 87 80 27 100 66 82 45 67 74 84 84 65 59 54 83 58 78 69 71 64 86 28 100 45 64 56 32 72 100 59 56 100 39 70 63 56 100 44 63 81 80 88 42 67 67 82 54 81 100 60 80 47 75 100 80 60 42 63 95 47 49 100 20 97 78 60 71 59 49 83 89 38 98 88 46 81 80 100 41 58 80 48 73 91
78 75 82 30 84 70 56 61 94 60 61 86 58 72 67 77 58 96 99 63 57 41 100 46 72 74 66 94 53 90 61 78 78 100 64 64 82 81 39 53 75 62 40 100 56 62 55 100 29 100 79 82 50 45 100 80 82 49 36 96 61 89 34 71 93 60 79 53 70 76 80 79 63 60 48 69 60 48 64 81 72 61 92 75 63 58 79 94 67 35 59 72 57 100 55 45 64 55 72 100
59 61 60 86 91 70 94 100 87 65 100 97 89 35 100 32 37 94 69 34 55 53 49 75 38 95 34 37 17 68 56 72 41 90 29 73 97 96 95 90 50 45 56 93 72 93 79 36 48 92 53 46 91 60 91 52 36 100 69 96 75 52 52 78 45 88 84 81 27 92 79 84 60 100 73 58 51 43 82 64 73 62 42 76 100 34 65 85 78 100 95 88 63 100 41 100 93 90 29 56
70 66 70 71 36 95 74 84 56 68 71 57 84 44 75 92 35 35 57 82 100 72 61 100 81 43 99 100 74 100 71 86 36 74 100 74 23 59 70 72 100 100 100 59 14 71 100 100 35 46 91 87 82 59 55 91 63 35 19 49 78 40 100 68 60 79 77 63 72 59 49 65 100 55 50 70 100 76 100 100 84 100 43 30 47 64 98 25 7 71 46 23 16 60 73 27 48 85 47 95
82 70 69 54 65 44 46 54 44 90 45 98 35 42 100 80 94 100 100 48 34 80 44 72 100 67 69 47 11 95 86 81 77 37 28 74 85 43 46 52 56 21 85 61 97 56 32 78 34 100 42 71 48 89 63 32 82 97 95 79 63 97 78 22 87 90 56 28 100 62 100 38 87 22 88 97 38 40 56 35 21 35 83 100 100 100 57 100 63 68 78 100 100 25 76 86 62 84 18 67
57 79 100 46 64 70 84 71 33 55 70 62 38 72 84 55 81 70 14 91 81 64 81 41 83 72 84 82 73 67 76 52 58 100 72 74 84 82 94 35 58 80 81 94 36 57 81 100 44 68 64 57 51 100 46 80 80 97 67 57 74 80 41 76 93 59 80 32 69 100 49 78 92 75 31 79 71 100 20 96 80 60 65 100 20 69 60 57 97 67 58 59 45 66 83 93 82 94 53 74
61 46 83 83 50 78 78 51 100 82 60 47 54 100 48 61 61 61 43 97 67 75 77 39 61 61 62 95 96 40 74 57 58 100 55 65 90 90 71 38 74 58 58 73 91 61 78 65 61 63 78 82 89 69 28 69 51 55 67 88 78 59 75 69 87 61 79 76 15 83 78 61 74 86 25 80 62 44 89 77 68 69 83 20 93 61 77 63 96 52 78 77 94 41 47 75 79 55 91 47
55 42 65 100 93 59 79 46 64 49 78 25 60 89 90 78 62 100 100 53 45 66 100 65 53 58 96 36 33 80 98 47 39 80 89 93 51 24 68 53 65 42 40 100 47 85 37 90 100 49 66 96 26 57 90 100 66 74 76 54 91 93 64 78 50 61 94 100 92 88 46 60 90 38 48 47 55 43 88 45 69 100 100 75 64 69 35 32 46 63 85 90 45 84 43 92 35 33 100 60
68 78 12 51 40 95 70 100 100 88 42 70 100 79 94 42 48 51 59 49 100 81 87 30 50 93 29 82 58 100 71 100 69 68 98 20 100 98 100 83 41 66 77 100 82 69 61 64 71 36 51 72 100 97 57 24 92 76 70 64 75 52 44 100 79 70 26 43 85 46 87 59 99 95 100 100 89 64 80 72 68 19 32 47 24 39 100 78 91 78 15 52 66 90 38 70 100 42 81 12
95 100 93 100 65 43 52 68 31 63 94 66 74 30 76 81 66 100 100 44 58 48 86 65 100 79 100 96 30 81 52 76 91 50 62 100 98 28 35 32 96 98 57 44 67 77 81 42 69 100 100 59 57 42 56 96 71 69 52 78 33 80 52 84 32 79 92 31 100 67 63 63 72 51 61 36 60 87 83 100 72 75 100 100 64 100 36 45 90 96 100 76 30 92 100 61 45 92 100 67
71 44 100 38 64 70 37 57 92 54 71 62 92 68 63 83 59 92 64 56 54 72 58 81 85 53 56 41 92 64 53 50 75 57 57 56 71 61 100 49 77 84 81 38 56 59 55 56 72 85 78 58 77 52 82 75 49 100 26 94 91 82 92 76 35 77 81 60 58 48 81 81 74 46 67 78 60 100 40 57 59 80 84 47 66 69 63 90 81 64 70 78 70 48 82 84 77 83 53 91
77 55 83 45 89 77 88 78 45 82 68 83 25 99 78 78 86 25 79 97 61 93 28 94 62 61 76 77 96 40 73 49 77 87 46 61 61 94 40 64 77 76 80 63 40 77 62 88 43 77 77 62 94 40 62 62 88 65 94 40 78 81 32 99 75 62 62 36 100 45 77 77 77 98 43 62 62 100 74 45 77 62 44 72 100 64 69 100 20 94 62 77 87 17 82 83 77 64 88 21
36 55 48 89 61 60 59 93 14 96 71 59 72 100 96 86 90 66 64 84 100 49 93 64 84 100 96 70 100 44 46 100 100 100 80 60 93 39 83 63 55 55 45 86 100 36 90 93 65 47 54 67 64 61 76 56 95 71 64 91 36 85 77 100 51 71 69 100 100 94 51 35 98 46 58 71 100 40 76 49 26 71 98 30 41 36 65 23 50 81 67 42 70 100 95 94 36 54 80 84
93 100 70 57 100 44 54 99 50 41 44 77 84 75 73 48 70 73 52 55 72 37 68 41 63 46 62 44 40 40 65 70 32 41 66 98 62 56 94 100 93 75 35 64 47 100 43 71 27 71 70 71 42 100 100 89 45 68 59 100 88 35 82 92 79 70 85 44 46 47 60 100 77 84 100 70 45 100 100 52 100 61 100 97 84 100 69 58 53 47 81 71 21 83 39 38 64 51 100 86
70 46 40 10 94 96 57 100 100 57 82 45 67 29 32 57 54 73 61 90 56 84 81 62 76 72 87 85 61 90 100 40 71 77 51 60 95 51 45 100 57 100 35 84 88 25 69 100 44 69 90 94 46 68 60 48 45 62 47 77 51 57 97 20 39 65 25 97 100 72 59 30 10 48 67 90 49 69 65 48 38 50 65 77 35 56 62 90 100 88 100 83 45 100 57 71 100 76 100 36
68 57 100 75 53 72 56 51 67 85 85 62 93 27 100 80 48 100 64 53 54 96 67 58 99 68 84 46 67 80 57 54 67 99 61 82 83 64 34 78 58 57 94 58 100 84 81 46 99 69 65 60 93 19 100 73 80 36 100 27 90 60 96 13 85 93 93 83 38 70 62 80 84 94 31 57 82 47 61 87 81 84 60 70 79 57 60 88 93 21 82 82 100 78 42 55 49 66 58 74
62 63 72 94 50 77 88 46 45 90 77 87 79 45 82 68 59 73 71 69 66 73 77 55 98 77 77 76 52 99 65 82 27 77 100 65 74 98 62 41 76 90 83 17 88 77 63 94 17 88 76 76 97 17 86 63 75 81 71 41 79 82 32 67 89 76 59 50 66 84 85 54 100 45 75 60 78 83 20 81 75 86 78 20 100 65 70 29 64 100 56 62 100 23 100 56 62 91 77 34
79 60 75 65 88 60 90 100 32 84 62 90 38 39 43 44 89 67 64 100 67 72 28 70 68 84 52 58 85 97 93 49 41 72 36 50 72 100 67 91 37 85 51 70 97 37 43 59 100 67 54 36 89 66 66 49 100 55 66 82 94 81 35 40 100 84 78 43 63 62 70 69 56 100 100 58 62 100 52 80 66 54 86 100 73 49 100 78 29 44 78 86 35 46 100 90 73 100 35 94
43 82 100 45 100 70 23 48 43 60 45 55 52 87 81 93 69 74 50 95 94 100 100 100 50 18 71 49 89 36 72 84 100 66 69 69 33 81 74 65 96 82 15 84 74 89 68 35 100 78 63 100 90 100 84 94 54 32 72 60 42 99 81 56 93 51 48 70 81 100 79 40 73 68 84 59 91 81 74 58 100 40 17 42 31 57 68 93 100 60 81 21 49 52 63 38 40 67 32 34
82 51 98 5 69 84 100 100 100 66 97 85 86 99 41 71 41 68 56 97 29 55 53 50 40 100 81 37 81 38 57 71 90 23 93 82 48 66 74 34 73 67 69 100 61 66 100 71 83 21 50 38 4 68 26 88 94 36 100 81 64 29 100 63 36 75 94 60 38 94 76 98 85 37 63 77 45 34 70 37 77 98 77 100 100 73 51 64 100 47 95 100 78 95 99 73 82 48 100 93
84 46 100 38 51 59 59 31 83 61 70 78 48 82 100 67 64 55 83 64 78 56 94 23 81 58 84 99 49 82 55 57 48 80 93 81 97 48 68 90 65 39 71 40 84 77 60 70 100 84 81 84 46 100 64 50 57 42 100 48 76 82 61 86 56 58 57 100 39 69 60 76 93 69 19 68 79 95 79 58 60 77 45 93 58 54 54 35 63 94 55 63 89 100 41 57 83 47 100 49
76 68 95 61 50 76 64 99 44 64 76 52 92 53 84 72 79 98 63 48 63 75 76 71 63 63 54 59 99 75 63 84 49 44 84 68 86 33 77 93 76 63 73 50 93 76 63 90 99 51 63 76 66 63 65 76 76 96 47 74 63 63 94 20 93 63 63 43 100 56 59 53 75 91 32 81 79 40 100 62 80 62 50 94 86 50 55 100 52 88 58 76 37 67 82 84 76 55 40 100
61 100 82 100 54 60 36 62 56 100 36 85 96 46 91 47 83 53 100 47 55 38 38 63 30 58 78 65 84 37 100 97 62 78 57 51 59 63 32 53 84 100 34 95 94 84 94 32 66 73 84 40 93 66 100 77 83 94 96 30 63 100 86 65 100 87 65 34 42 94 91 54 73 100 32 81 79 29 41 31 81 92 57 100 57 54 100 100 71 46 91 47 42 54 59 61 53 86 73 44
43 43 47 20 41 69 69 100 86 26 65 56 45 44 33 67 40 46 94 71 94 100 74 100 98 70 27 28 100 100 51 75 52 100 85 93 91 73 85 48 20 44 70 69 38 43 85 9 84 65 99 100 56 46 71 74 21 20 66 87 91 32 51 62 82 100 100 62 70 100 20 66 17 80 82 68 94 58 80 66 100 52 64 79 24 65 20 39 89 46 39 88 44 84 100 100 69 62 84 42
100 39 100 60 84 54 38 71 61 88 100 71 81 100 57 100 64 52 76 85 87 31 82 100 36 100 100 52 79 35 88 61 61 75 26 89 64 51 100 100 100 62 87 65 73 79 50 62 100 63 42 76 77 66 26 35 100 100 86 71 76 100 52 56 40 40 32 85 72 81 81 79 100 62 42 58 33 62 100 96 42 78 73 82 46 99 98 40 100 57 73 49 100 76 52 95 83 33 100 60
