100 100
70 71 65 100 79 42 68 70 70 58 49 93 78 64 44 90 100 56 51 70 97 65 20 70 95 70 70 70 70 70 54 53 83 55 100 100 43 33 90 100 56 51 70 70 69 43 70 95 70 91 78 42 68 85 86 56 84 55 84 49 58 70 70 68 42 78 63 75 67 70 95 70 91 77 61 80 43 67 70 70 70 70 63 45 87 84 68 42 78 63 75 67 71 100 73 65 77 61 80 59
70 60 41 74 25 5 19 43 100 100 40 62 59 36 58 73 87 66 91 91 57 45 70 100 100 70 57 71 62 62 66 39 62 69 80 93 48 54 69 46 13 10 20 50 67 28 44 71 70 94 94 100 100 91 100 92 100 74 78 63 77 66 100 100 75 100 56 49 66 46 60 94 99 70 95 100 43 12 55 100 100 69 62 36 54 33 19 45 100 52 23 44 44 83 73 55 53 28 69 70
70 69 61 92 66 65 65 67 74 72 66 74 92 55 83 52 51 67 96 60 19 70 94 74 98 78 44 65 49 61 98 69 78 89 55 84 55 87 56 52 65 65 65 71 74 45 70 69 62 74 66 100 83 44 71 85 90 46 58 71 90 48 57 72 44 78 63 75 100 64 17 66 74 62 100 83 26 47 100 98 50 66 73 66 65 65 63 44 83 89 65 94 68 69 73 63 72 20 57 95
91 86 92 100 100 88 70 73 24 26 64 85 79 66 73 66 93 100 82 46 43 78 84 64 70 65 62 93 72 31 83 83 76 100 79 91 90 91 50 85 93 100 100 59 19 21 48 61 74 47 35 83 73 57 28 28 64 33 100 100 100 89 58 69 68 71 47 75 100 100 55 66 91 86 100 100 67 100 100 53 40 60 69 100 89 74 73 30 24 85 94 79 69 88 73 59 98 62 58 97
78 51 66 100 88 28 48 88 64 49 41 77 54 84 56 83 65 90 57 70 82 61 70 78 54 74 80 62 78 58 100 81 39 72 69 55 100 100 64 83 59 85 70 73 56 63 60 60 65 16 60 78 59 100 80 47 75 40 69 72 47 84 64 93 100 60 22 75 98 79 50 66 100 78 97 90 67 91 39 45 93 84 83 96 52 49 63 88 52 73 64 21 71 100 73 21 62 78 59 81
42 39 85 98 46 30 82 100 77 84 100 100 48 61 42 59 22 33 56 85 93 78 51 42 25 21 38 61 84 48 83 100 96 62 50 21 65 63 38 68 65 49 18 77 100 100 96 81 98 53 45 68 80 100 92 69 100 83 61 60 74 89 31 57 90 66 51 71 66 61 47 49 74 61 62 33 11 28 17 57 73 32 28 57 48 100 100 100 93 78 47 19 71 100 89 61 66 73 65 74
68 49 82 57 60 77 60 80 46 87 87 81 60 57 57 57 55 55 57 58 59 58 38 68 87 55 40 61 100 70 22 64 100 86 70 47 83 55 81 58 82 77 55 47 89 100 70 22 67 91 57 65 82 77 60 48 51 95 87 87 100 61 31 80 61 79 100 64 27 82 94 57 67 81 73 56 39 40 95 92 45 49 49 33 79 100 68 31 80 82 57 37 71 77 79 100 77 62 80 46
85 51 44 35 65 65 46 69 80 100 47 51 73 84 78 86 100 93 81 81 75 82 66 70 100 100 67 48 100 100 41 25 68 39 19 32 65 44 65 51 84 100 100 38 31 87 54 19 81 100 98 78 46 53 100 97 62 75 31 39 75 43 30 60 47 80 100 64 20 59 100 100 83 45 58 98 85 100 100 80 34 79 95 67 96 77 14 25 75 100 100 71 55 38 40 92 74 74 81 40
86 99 70 61 77 39 51 43 55 86 53 79 43 70 43 76 100 60 44 56 30 61 100 69 78 93 49 52 79 85 29 47 100 75 27 44 53 52 51 40 83 100 89 63 50 78 52 19 82 100 81 63 77 46 86 97 89 37 23 72 89 84 83 39 21 80 100 64 52 83 100 93 76 73 60 83 66 100 72 70 23 41 91 68 60 78 38 71 60 37 95 100 52 11 63 74 63 100 82 57
44 67 72 74 88 66 95 69 45 67 42 79 84 100 91 100 100 47 56 84 69 86 100 57 46 47 54 100 100 71 21 44 91 100 91 95 91 87 77 52 77 55 33 60 84 100 94 44 53 92 65 58 80 39 53 66 82 53 82 100 76 58 100 80 45 90 100 77 30 32 58 46 59 87 70 69 38 44 31 92 56 50 84 88 87 100 82 73 49 22 60 100 100 42 55 61 52 100 82 59
64 22 66 100 91 100 87 43 46 39 30 83 100 59 80 95 63 47 27 64 98 51 33 49 34 60 100 100 74 61 36 60 25 70 100 100 60 71 43 75 58 36 43 26 59 66 76 100 87 49 50 73 81 46 80 71 54 100 100 82 99 71 90 62 66 90 93 89 38 45 56 61 99 90 94 62 22 42 45 55 63 87 50 48 60 97 61 41 50 93 79 72 95 70 49 50 49 77 81 49
78 31 74 96 56 71 71 50 91 81 77 100 100 55 37 50 87 100 70 91 100 89 71 93 66 66 98 53 54 100 90 100 54 19 69 86 51 100 88 90 57 71 91 58 89 80 70 100 59 40 91 100 82 33 34 34 43 86 65 28 63 46 75 47 36 45 38 38 50 100 83 58 82 55 81 94 64 92 90 98 100 100 59 71 90 100 64 68 94 84 33 24 55 79 93 83 83 100 87 52
92 66 88 100 85 58 37 88 94 65 88 70 100 65 32 75 81 100 100 48 32 81 73 78 100 73 29 54 73 69 100 100 63 35 43 49 49 94 100 100 58 82 69 18 60 100 69 81 88 35 70 100 83 21 22 61 48 41 22 53 66 99 93 35 63 53 28 38 70 100 75 46 64 84 77 57 72 91 48 78 100 100 82 38 76 100 77 40 86 74 37 38 85 100 81 25 48 76 84 100
49 28 51 77 45 37 71 100 82 55 88 58 61 20 24 77 49 68 100 82 36 80 75 76 100 68 17 56 75 60 99 61 28 75 86 88 89 59 52 90 58 75 61 37 95 100 69 59 52 12 61 100 87 44 78 100 88 79 76 100 38 65 100 80 89 67 61 84 61 43 67 90 74 55 68 95 100 84 31 23 67 61 52 58 100 89 29 16 73 100 95 48 56 100 67 31 88 87 39 78
58 44 82 86 40 14 52 48 34 72 98 85 42 24 15 65 100 73 51 87 77 99 100 95 100 48 14 42 69 78 33 21 44 41 71 66 100 92 48 81 55 33 75 64 86 81 70 65 55 59 62 92 88 100 100 70 39 88 100 86 33 35 55 91 100 93 67 56 43 33 76 84 60 83 90 100 87 60 78 35 43 79 85 77 44 33 30 33 46 87 100 89 83 73 45 61 100 76 47 91
73 40 53 85 97 63 82 68 67 100 58 53 86 83 63 100 97 36 21 81 59 60 77 53 89 87 59 86 97 81 33 64 95 68 96 56 96 100 60 83 59 30 81 66 74 64 67 67 63 74 66 74 42 93 67 21 63 100 83 33 74 85 49 82 75 53 76 90 88 86 100 73 39 55 56 56 45 53 99 91 81 53 58 100 70 74 86 84 82 65 56 51 49 67 86 73 52 40 55 88
96 90 58 44 100 100 60 54 54 68 47 26 100 97 94 74 39 25 44 100 100 79 74 54 42 59 79 91 49 62 78 56 52 39 74 54 93 100 90 78 100 100 98 99 67 36 43 43 42 65 94 71 43 66 23 54 100 100 44 34 100 98 82 63 70 48 95 100 98 84 44 68 72 75 88 73 83 56 100 100 59 28 29 62 97 100 75 73 51 57 81 31 29 56 82 76 49 67 41 45
56 87 74 16 46 89 82 81 81 92 100 64 73 44 82 55 66 82 40 67 100 54 67 71 51 84 100 78 24 54 97 83 69 63 96 58 90 71 55 30 70 76 59 91 65 52 81 82 81 71 57 41 57 85 71 100 63 60 80 86 84 44 78 58 80 62 67 50 64 67 21 68 71 49 64 46 71 57 100 92 47 75 76 48 92 100 56 88 75 48 58 47 85 78 66 73 61 100 84 82
51 100 74 19 21 30 51 79 63 64 66 49 41 64 100 92 100 100 100 76 97 74 72 97 81 100 100 67 66 40 55 61 53 66 100 97 100 85 74 31 65 89 78 62 71 56 61 95 63 53 57 19 56 100 100 85 40 79 100 68 39 58 61 76 100 94 71 19 0 43 71 96 96 55 21 39 89 78 58 48 51 100 93 67 100 95 29 66 100 100 75 75 100 76 66 63 35 98 97 58
69 100 73 45 77 60 65 100 81 78 79 69 48 89 73 60 61 63 88 53 66 56 37 61 37 56 69 62 99 79 78 78 65 51 92 70 61 61 58 41 82 81 60 39 74 72 79 100 83 70 77 24 56 100 79 24 43 100 100 43 34 83 57 82 81 61 99 73 29 79 96 61 86 77 24 56 100 88 45 73 86 84 33 26 83 100 62 21 71 100 55 37 60 40 67 78 71 100 82 26
42 77 44 27 58 85 68 48 53 89 100 100 81 64 42 13 54 77 100 66 30 49 69 75 41 20 52 93 85 57 77 81 100 79 67 63 37 64 73 40 49 70 42 21 74 100 100 100 100 100 78 47 71 57 28 3 19 67 69 76 79 63 35 49 70 43 89 85 41 92 100 50 34 67 73 46 58 84 45 97 100 45 19 69 72 73 56 19 59 96 43 10 21 48 95 100 93 76 47 43
74 100 74 53 65 100 88 32 54 98 71 74 92 55 87 57 52 67 92 56 19 74 91 65 69 74 71 65 49 62 84 56 100 95 55 84 49 54 65 72 76 98 60 21 74 91 65 65 65 88 78 61 80 44 71 62 54 88 55 96 100 52 58 76 98 61 76 64 20 70 100 73 21 61 100 87 62 83 31 41 90 81 80 91 48 58 72 44 80 100 64 49 74 70 65 89 77 44 73 89
93 100 67 46 59 100 93 91 70 66 71 78 100 87 78 62 78 64 41 46 34 46 70 72 95 96 72 50 45 100 100 56 94 73 80 93 45 16 25 91 87 97 91 74 98 65 46 73 48 38 68 91 82 57 98 80 92 79 49 94 84 25 33 76 100 92 100 90 60 96 100 73 21 61 100 100 76 83 45 68 75 100 100 100 56 95 100 68 44 85 64 74 93 70 47 61 98 72 86 100
70 95 70 48 61 79 58 100 90 44 64 69 69 69 70 73 96 55 24 78 91 70 69 69 93 74 64 77 42 68 54 53 83 55 100 100 49 58 73 96 56 51 69 69 69 43 70 100 73 21 61 100 83 58 83 56 84 37 39 96 100 49 29 83 87 70 96 64 46 69 94 73 21 61 100 83 58 83 56 84 46 61 75 94 52 55 71 97 61 76 64 72 68 69 73 43 69 50 58 96
94 97 93 86 87 100 82 100 100 75 15 36 66 72 100 100 88 30 12 51 85 69 32 20 45 48 62 77 26 37 48 38 51 51 93 79 69 99 100 83 39 52 68 65 41 8 46 100 96 48 61 100 100 75 70 79 100 77 66 74 85 62 87 100 63 48 53 17 33 43 69 73 21 61 100 59 31 90 85 34 7 15 22 42 42 49 77 100 100 97 91 56 45 80 73 33 23 4 57 96
74 48 65 75 61 80 62 84 56 82 51 89 81 73 74 77 97 56 48 66 93 61 42 65 65 65 89 78 24 56 95 69 54 49 84 55 84 59 90 82 66 71 74 98 64 18 66 95 74 50 61 98 75 57 54 96 79 82 93 49 55 66 72 72 43 79 88 66 94 69 68 73 21 61 100 79 25 55 98 71 65 65 59 44 83 60 89 100 64 53 73 43 67 100 73 63 73 20 57 97
43 40 88 95 68 70 62 61 74 100 100 100 43 16 53 68 95 57 65 72 100 100 82 97 100 100 100 78 17 34 97 100 96 79 94 54 82 33 61 89 100 81 65 98 88 73 97 87 64 44 43 56 22 17 52 91 37 27 84 50 90 100 55 46 26 58 100 94 78 69 80 92 71 68 89 99 61 28 82 100 100 100 81 36 55 26 56 51 19 27 19 28 98 100 70 79 79 51 83 90
69 47 78 96 78 63 88 36 58 100 100 62 77 42 63 80 98 58 73 53 51 78 48 70 75 74 100 78 21 47 100 97 53 72 68 48 84 55 83 58 83 93 77 78 78 99 69 48 77 71 61 61 61 47 53 100 86 47 83 43 41 91 59 80 54 71 100 65 20 70 75 74 100 78 24 57 81 56 96 83 86 93 48 51 58 41 81 54 71 100 55 16 71 71 66 93 62 67 78 74
70 54 44 52 72 75 73 28 51 69 36 29 100 99 27 34 96 81 100 100 63 41 40 70 66 59 90 91 73 91 100 52 36 46 30 32 62 65 100 62 82 73 64 64 41 78 88 58 61 82 99 83 78 70 64 89 93 70 88 41 2 33 28 64 74 100 100 46 9 51 40 39 100 94 56 64 64 42 70 64 65 77 64 80 70 42 55 58 85 100 74 49 89 72 66 100 100 98 47 57
70 100 72 21 61 100 95 68 93 40 33 73 66 95 47 73 91 82 83 84 100 64 70 69 73 84 34 73 100 85 29 49 100 93 44 50 53 53 95 60 81 69 90 100 63 53 82 81 81 98 79 40 57 76 85 43 54 68 91 48 46 52 30 69 58 81 100 52 33 57 38 65 100 82 96 81 40 54 62 79 70 49 95 95 45 69 44 41 59 59 58 71 82 52 66 100 84 97 80 61
85 100 57 18 60 98 51 47 72 36 92 100 24 46 93 100 61 25 40 41 85 81 87 85 57 30 0 34 97 95 45 40 88 100 71 94 84 36 51 63 93 55 48 100 81 41 27 21 27 55 74 73 100 100 86 51 100 100 100 76 95 90 79 100 77 93 100 77 57 81 57 66 80 28 51 75 66 98 86 64 49 63 100 100 100 100 82 68 81 81 81 66 42 23 52 76 58 81 81 44
86 98 53 37 61 79 56 100 100 69 100 63 46 59 100 75 71 39 70 58 59 86 86 86 69 50 34 58 100 87 77 54 60 85 92 96 58 80 51 67 88 98 58 60 86 90 49 25 50 37 62 100 100 74 83 47 82 80 65 100 100 59 83 60 65 86 69 56 30 57 63 66 89 50 39 58 100 90 62 96 60 77 87 90 91 100 58 43 56 56 56 87 65 35 53 66 83 98 81 38
56 100 100 80 75 82 49 86 58 35 46 17 66 86 59 26 84 73 89 74 48 56 56 56 80 100 71 61 88 36 45 95 84 50 49 80 60 78 58 45 43 77 63 44 43 83 82 69 100 71 50 96 46 30 81 42 52 46 23 71 87 47 86 70 45 43 80 100 83 96 84 67 100 100 75 48 93 73 46 60 22 47 56 50 45 79 44 62 97 94 96 100 69 69 95 61 31 61 77 61
84 91 95 91 89 78 50 42 49 83 52 36 32 68 35 59 67 55 80 89 85 84 84 84 89 95 63 61 100 58 41 86 61 78 35 42 82 58 87 100 50 28 78 100 60 39 55 49 91 80 42 94 58 39 82 47 78 72 44 84 65 50 81 90 96 56 64 95 100 74 71 72 56 94 79 49 53 51 63 82 43 74 88 90 51 66 35 25 83 69 80 71 70 100 78 17 37 61 60 99
46 39 37 43 47 57 85 62 47 90 98 80 61 100 91 100 99 83 64 55 55 55 45 37 46 55 44 63 100 96 69 80 62 91 47 33 76 54 90 100 55 24 79 100 74 70 100 51 42 76 95 100 100 74 88 50 34 35 39 81 100 100 56 38 79 62 41 56 97 77 73 73 30 37 50 82 88 91 100 91 44 43 52 94 66 97 80 36 79 69 84 69 62 100 72 45 96 93 59 88
61 28 38 66 69 51 65 28 42 65 94 46 27 83 100 86 54 55 75 84 84 84 59 38 60 84 95 76 46 55 43 56 95 97 75 28 63 52 90 100 55 24 79 100 92 94 100 58 58 100 100 100 90 42 76 92 29 59 50 48 71 100 89 26 23 76 71 89 100 91 80 73 30 38 27 44 70 65 100 94 53 74 46 80 87 59 86 58 79 78 98 87 47 41 67 100 100 50 57 89
70 56 96 100 83 73 100 70 83 90 87 44 58 100 86 29 63 90 67 55 48 43 74 96 77 55 80 78 50 94 77 61 95 57 45 69 100 58 81 100 57 27 78 76 49 54 55 40 72 94 55 80 87 27 31 73 81 100 99 80 38 74 100 70 34 84 52 54 93 42 57 79 52 83 72 85 98 57 100 98 62 89 54 48 52 44 79 55 72 47 48 84 84 52 60 100 50 9 51 96
70 60 100 100 96 97 100 100 71 29 50 78 62 99 57 29 45 92 98 83 52 33 95 100 94 87 77 77 53 100 100 92 100 78 43 90 100 73 32 36 77 54 78 61 62 92 83 64 91 100 84 100 100 43 40 100 100 95 97 68 90 71 56 53 53 100 65 63 72 33 62 95 56 49 92 100 86 55 100 100 92 97 90 83 85 90 59 35 46 59 29 8 57 47 41 52 28 52 43 71
66 36 53 52 53 52 53 75 100 51 46 85 57 90 95 82 49 86 74 49 74 90 93 49 50 56 54 80 42 55 56 53 66 90 49 50 64 100 69 33 81 63 77 59 71 79 49 29 49 76 52 71 61 12 47 99 73 38 78 51 65 34 67 88 40 64 58 71 100 90 69 49 42 79 100 54 43 57 94 56 49 55 56 56 60 91 57 69 90 100 81 41 88 88 87 95 84 100 88 96
43 61 58 50 61 48 63 51 100 86 51 97 91 64 95 68 55 100 67 28 59 100 90 28 59 59 49 97 85 81 87 68 45 94 89 81 85 100 100 49 84 100 64 14 48 38 29 74 57 23 48 72 32 22 38 39 19 45 51 38 34 28 89 100 84 84 77 40 88 100 52 28 28 76 87 47 82 93 99 49 17 70 81 81 79 57 80 100 100 63 87 100 84 78 100 100 100 100 93 51
81 100 75 66 79 63 82 42 54 47 49 100 100 56 83 49 18 68 93 84 40 61 95 84 100 74 37 54 54 54 74 85 41 51 57 56 57 57 55 40 83 100 62 31 88 82 85 100 73 23 61 100 84 83 83 71 65 100 90 83 84 83 64 58 57 57 100 78 70 55 43 81 54 60 75 57 92 60 72 98 55 53 58 55 51 39 83 100 46 19 75 100 70 39 58 78 62 51 79 28
60 84 98 95 99 94 100 89 64 42 73 56 57 75 64 76 52 19 61 100 63 56 100 100 100 74 25 24 11 15 69 86 32 33 62 41 64 65 88 53 48 94 93 58 92 100 100 73 68 90 73 77 95 80 97 79 100 95 71 100 100 100 87 79 79 46 87 82 33 52 66 60 47 40 31 31 83 65 39 62 56 74 74 33 24 31 46 43 56 83 67 100 96 63 79 63 27 23 64 83
79 70 60 60 60 60 61 78 86 57 84 38 38 84 56 90 100 64 21 69 61 75 88 60 89 74 46 78 60 67 100 89 32 44 84 55 83 49 79 90 78 65 59 39 75 100 59 15 66 100 77 61 80 58 82 54 75 29 38 90 74 61 60 62 94 61 75 64 20 70 100 79 79 79 60 67 100 89 45 72 76 63 63 76 79 78 76 45 79 100 64 67 59 35 60 68 79 56 57 94
91 75 21 45 54 39 74 86 100 94 89 38 38 84 56 86 94 92 38 57 73 100 79 21 65 98 74 64 85 100 100 87 27 19 71 81 62 62 85 100 81 30 22 59 98 57 21 26 66 94 46 51 54 21 45 34 28 10 39 91 86 71 17 33 94 61 59 37 41 69 100 100 100 95 78 93 94 85 43 59 59 60 88 100 100 68 71 49 46 60 40 32 21 9 46 96 95 39 31 78
70 98 74 94 78 41 63 65 65 77 89 38 38 84 56 83 58 81 61 78 61 69 94 74 70 65 68 74 90 77 54 83 33 49 100 100 49 54 68 95 56 55 74 68 65 44 75 73 66 98 75 93 86 47 71 74 74 65 47 90 77 61 46 90 100 61 79 69 74 69 66 68 62 77 61 80 58 82 45 69 64 43 79 51 79 60 88 92 74 74 74 74 74 48 66 100 77 25 62 99
96 81 65 100 100 76 72 72 72 83 90 46 74 100 82 68 71 67 59 100 88 45 84 93 58 22 55 100 72 19 39 91 86 74 100 67 29 5 31 64 72 100 100 88 43 76 100 83 44 48 88 100 74 53 82 100 100 76 81 100 94 65 100 100 76 40 63 94 100 95 72 23 0 42 71 100 75 67 70 81 100 57 37 20 65 100 100 100 87 67 96 100 100 84 70 65 69 80 100 100
69 45 66 97 69 69 69 69 69 81 90 46 61 75 95 56 81 55 24 78 100 65 72 69 68 74 64 77 23 56 81 56 82 55 93 78 64 45 84 58 83 87 70 96 65 72 68 68 74 21 61 97 71 54 53 100 94 46 61 75 94 55 81 55 52 69 43 75 93 69 94 74 21 62 97 70 53 54 83 55 100 100 42 34 87 83 71 97 59 22 75 100 68 68 73 21 62 97 70 85
44 42 100 100 41 49 21 31 66 73 93 91 60 42 85 53 50 38 33 45 63 69 70 69 81 73 59 28 22 100 88 30 72 85 100 89 100 100 100 43 58 45 20 53 69 54 19 66 100 84 89 100 100 92 55 96 76 69 57 40 64 26 12 20 55 71 68 70 70 68 100 99 47 66 78 27 3 51 87 78 100 81 64 64 100 57 51 72 68 38 48 58 44 56 47 19 62 96 69 83
69 21 69 77 61 96 67 67 73 61 53 100 100 55 83 52 52 67 96 60 21 74 67 70 94 66 87 74 59 84 30 50 96 78 64 47 90 84 69 41 79 84 65 41 74 91 66 69 73 73 73 73 73 57 54 83 55 100 100 55 83 48 25 79 84 66 95 64 48 73 96 73 41 65 85 78 24 51 83 59 87 55 84 59 87 58 81 60 79 88 66 42 71 93 66 45 62 98 74 73
48 5 18 26 39 89 100 100 26 13 21 77 100 83 91 52 65 100 91 67 38 74 89 91 99 75 100 100 57 28 1 49 95 58 34 69 98 39 23 80 100 88 78 66 96 100 96 62 63 75 46 31 59 72 82 91 54 100 100 55 83 54 87 100 96 100 93 68 47 20 69 95 58 74 86 82 42 37 56 21 23 44 87 52 43 23 61 80 97 100 72 57 70 78 95 91 68 59 39 59
61 61 61 40 53 75 67 100 65 51 48 93 85 83 96 49 28 81 61 78 64 74 98 78 70 62 87 78 40 60 48 53 100 94 47 68 76 64 62 74 76 40 70 66 83 100 69 24 73 100 78 26 63 100 80 64 50 100 100 55 83 56 88 63 27 79 64 75 100 60 68 81 45 62 62 62 62 61 74 80 29 38 97 100 48 22 76 90 78 95 57 69 68 20 67 100 77 23 56 98
100 99 95 84 88 89 32 81 100 100 43 68 56 41 86 78 35 58 49 78 69 52 65 61 70 96 100 97 70 99 76 63 84 79 60 49 42 92 90 64 60 59 100 77 64 92 69 39 58 100 94 36 30 74 50 34 59 82 81 67 98 76 46 14 39 94 60 54 100 100 79 26 20 75 98 100 100 100 93 100 75 47 93 90 63 76 100 73 40 93 100 100 88 54 86 100 77 35 64 77
83 54 67 76 63 79 57 83 69 100 64 67 90 44 44 97 77 56 39 79 100 53 47 80 52 67 100 90 69 82 59 82 33 45 100 99 54 84 54 64 78 46 80 98 80 50 70 99 80 82 82 58 56 100 87 55 83 38 40 91 91 80 62 56 74 82 66 57 47 84 95 56 35 51 93 84 96 87 34 47 84 55 84 56 90 100 59 79 58 31 88 100 82 81 82 99 77 61 80 46
27 21 51 70 79 87 74 87 31 80 100 96 100 61 16 62 93 76 43 59 100 100 62 43 32 81 100 34 29 74 71 84 35 59 100 100 70 63 44 31 45 34 61 69 41 26 70 69 26 46 58 47 48 87 87 56 84 37 39 88 51 27 84 92 60 40 55 82 37 28 85 97 72 77 88 59 69 77 50 57 77 62 74 50 91 100 76 88 59 4 48 75 58 57 43 69 77 52 62 31
50 51 53 66 85 68 73 93 54 100 97 52 77 78 44 86 99 45 62 45 57 89 100 66 26 82 100 51 38 58 100 89 35 59 100 95 77 35 66 52 79 74 54 89 62 19 70 63 47 89 83 91 65 48 82 56 84 37 39 95 89 38 79 61 77 57 14 61 75 50 85 76 61 63 39 81 65 55 100 92 56 83 44 34 88 97 87 100 59 20 72 99 83 99 70 64 77 38 53 44
100 96 83 72 46 27 35 55 66 100 81 38 43 37 32 75 100 100 100 100 53 57 96 82 22 29 77 97 64 57 100 98 46 37 75 63 53 64 100 73 79 100 94 100 65 29 70 84 100 100 57 87 100 72 78 65 86 37 32 81 100 70 78 62 72 49 50 100 100 83 100 61 60 100 54 30 27 41 93 78 48 91 59 36 68 51 32 83 59 23 61 63 31 71 84 74 86 65 92 77
94 76 55 79 72 55 74 32 69 100 60 58 84 44 40 50 62 100 100 93 61 88 100 89 88 48 53 82 29 56 100 93 86 83 85 84 77 51 95 100 60 83 67 79 65 68 69 57 94 92 84 100 87 33 53 100 94 43 42 52 57 51 42 81 73 50 75 95 50 56 100 53 14 68 71 35 55 36 76 56 54 86 90 77 38 58 34 73 60 60 45 51 44 44 89 68 83 90 65 100
46 67 93 97 76 63 78 32 32 72 91 100 100 63 83 86 28 59 67 56 34 59 76 55 91 96 82 69 22 58 82 41 40 48 44 53 52 53 96 100 50 65 54 68 56 71 69 29 37 37 37 63 72 20 50 100 98 64 88 90 84 80 46 84 100 100 63 47 44 85 100 87 36 70 99 94 100 90 100 96 89 44 48 100 89 99 73 85 72 100 97 98 100 60 55 29 39 67 69 100
61 67 81 34 62 76 61 100 77 34 54 100 100 94 100 58 25 73 71 92 100 85 87 84 62 74 100 56 41 77 41 38 54 78 43 74 84 88 92 61 44 24 54 66 46 83 69 29 39 39 39 60 59 10 50 89 80 100 100 57 48 52 40 84 100 99 51 66 53 56 83 55 45 84 100 100 77 96 88 62 94 50 44 93 97 66 53 58 100 100 95 56 100 100 84 53 54 97 92 77
76 70 68 20 66 83 58 100 87 36 45 90 58 57 85 45 27 73 48 63 65 43 51 55 41 66 100 92 73 81 46 80 94 90 43 37 44 50 49 78 90 62 93 100 84 100 69 55 90 86 90 100 100 47 47 72 35 82 94 53 76 88 53 80 66 42 29 68 76 91 100 96 61 49 90 54 23 52 45 45 89 100 92 59 58 88 93 35 59 89 38 0 44 72 55 38 56 85 51 36
94 91 49 15 85 96 59 86 61 75 53 84 49 75 61 44 60 36 55 84 33 37 81 83 93 72 49 57 74 82 39 53 70 88 42 29 40 75 42 41 91 74 57 59 56 89 69 70 84 40 74 91 74 88 45 39 39 77 61 79 66 97 100 60 32 33 13 50 62 82 100 100 100 89 36 25 64 84 74 44 56 100 99 66 99 100 100 45 67 45 37 45 34 61 83 64 43 70 68 22
49 87 87 27 47 68 56 76 56 84 59 86 52 87 94 91 100 77 42 49 50 95 93 56 85 70 50 90 100 82 48 87 97 86 46 76 92 96 51 33 86 97 83 84 87 100 73 68 69 23 62 77 60 99 90 70 48 79 51 81 58 94 100 56 67 90 63 91 75 70 85 56 79 64 22 78 100 55 60 82 78 52 43 31 73 69 54 38 79 73 88 100 83 68 49 65 87 100 84 30
28 47 58 56 79 86 51 19 50 97 95 86 28 62 69 100 100 95 13 36 90 100 80 82 89 44 63 100 100 83 64 100 82 48 36 60 96 67 79 92 98 73 57 53 88 95 96 72 41 81 74 65 76 70 94 54 37 39 22 62 74 100 100 57 81 100 100 81 77 69 42 79 100 90 74 100 69 43 85 76 35 25 31 68 85 85 79 46 79 77 59 42 58 63 28 68 90 71 97 67
81 82 81 72 56 82 97 40 49 90 63 50 57 97 58 89 98 41 31 93 86 54 30 56 93 83 73 58 80 83 57 68 33 74 71 49 83 54 84 74 56 73 81 49 76 60 57 70 79 100 80 62 80 59 82 48 78 74 62 97 46 75 100 56 43 57 92 66 72 69 14 52 100 64 48 65 16 51 100 100 62 74 79 58 54 54 53 39 79 97 81 55 82 100 83 99 75 38 57 45
60 95 63 53 57 57 100 96 51 42 63 31 54 100 59 83 38 31 87 100 64 24 50 52 40 84 88 73 96 92 100 45 5 52 65 78 57 35 50 73 41 25 67 90 98 53 52 70 84 100 99 72 64 74 64 92 100 71 99 100 53 23 80 57 58 45 73 95 64 70 47 48 69 49 60 29 34 74 62 100 100 53 68 20 34 16 36 81 65 55 60 34 61 81 85 95 45 46 78 83
80 100 83 70 78 39 59 80 95 65 85 38 39 85 57 84 65 91 83 60 72 79 99 69 20 65 71 52 69 49 100 98 53 73 87 94 50 65 82 98 55 31 87 88 60 39 69 71 66 93 61 45 57 80 56 100 94 45 54 68 100 65 84 59 80 61 43 59 39 70 71 65 73 62 99 80 92 85 29 36 77 62 94 66 93 68 95 100 60 55 79 53 80 76 66 99 79 73 61 79
100 100 89 100 78 32 66 100 100 100 91 46 77 100 92 100 67 67 41 22 82 87 57 70 55 41 33 40 57 38 100 100 57 72 100 100 83 49 77 100 92 74 61 66 45 21 43 68 95 98 76 58 38 37 27 72 55 38 69 75 81 94 92 100 100 93 58 18 7 70 89 43 27 39 80 98 67 48 22 27 68 71 100 100 100 100 100 100 60 45 94 79 92 100 70 57 85 100 77 87
64 69 65 100 78 22 50 91 68 77 89 46 57 64 64 65 72 75 75 75 98 65 20 70 98 75 51 61 78 58 100 89 32 44 92 73 59 48 91 81 66 99 66 77 65 49 75 70 64 64 64 67 74 59 59 100 80 73 65 59 44 83 53 78 82 65 98 69 22 70 100 78 48 74 92 81 44 72 61 50 84 55 90 76 68 91 53 78 59 22 75 67 71 100 73 21 62 95 66 64
20 69 96 82 47 32 65 76 64 84 71 74 62 38 54 37 54 68 100 88 47 44 34 70 100 69 45 44 32 38 83 100 65 81 100 78 74 92 90 75 72 84 94 76 41 75 93 70 48 21 20 24 59 88 100 100 86 95 43 60 75 63 23 59 45 20 62 65 61 96 100 97 68 71 50 67 70 84 100 52 37 33 51 28 19 17 24 88 90 43 75 96 69 90 97 51 62 81 22 20
70 94 73 42 70 70 69 53 52 82 55 100 100 55 83 53 55 72 97 60 22 75 68 70 100 74 65 78 43 69 85 85 43 63 69 69 75 94 52 54 67 42 79 91 70 96 69 68 73 43 70 51 58 97 72 57 50 84 55 96 100 49 28 83 88 70 70 70 69 69 93 73 65 78 24 56 81 56 100 95 47 63 70 70 67 44 84 87 68 42 75 100 68 44 69 47 62 97 72 70
95 100 71 55 70 46 14 36 59 70 52 93 79 74 94 52 62 100 70 44 48 100 79 70 100 100 100 100 77 100 72 30 16 49 30 18 31 100 76 59 67 59 100 100 100 92 45 44 70 98 100 97 100 100 72 56 50 93 76 72 63 34 24 52 60 75 100 100 90 44 57 49 59 100 70 58 94 88 100 100 97 100 88 100 88 100 100 49 19 22 48 72 69 68 68 67 90 99 90 100
70 97 73 70 66 48 53 94 76 61 50 84 55 96 100 49 28 81 58 74 62 74 67 70 73 69 100 78 61 81 42 63 79 89 46 58 72 97 56 58 71 46 82 94 73 69 66 43 66 100 81 46 72 73 73 60 50 100 100 49 55 66 66 64 39 76 91 73 97 69 67 69 42 73 53 58 97 76 85 92 58 85 55 83 56 84 59 50 66 66 66 42 71 97 73 73 73 53 58 97
48 81 66 58 93 100 100 100 20 28 36 58 69 100 90 63 40 81 79 100 98 94 88 70 38 39 93 56 32 54 49 99 85 61 45 100 100 47 10 12 21 46 66 41 21 52 97 69 45 67 26 4 37 47 37 54 78 100 71 36 72 100 100 90 78 100 100 65 95 91 83 97 78 46 36 66 75 50 31 24 21 48 44 50 45 39 14 48 75 100 100 55 71 71 21 38 46 37 66 63
62 93 81 26 61 99 79 59 45 87 67 55 53 91 57 83 58 81 61 79 96 77 99 69 20 65 100 71 35 60 79 86 43 57 72 99 56 53 61 61 63 99 68 46 61 40 70 91 62 62 61 45 57 80 56 96 82 75 64 56 44 91 100 55 30 87 98 77 77 77 49 66 100 77 61 80 58 82 30 38 76 47 76 48 79 76 61 62 63 99 72 24 71 91 61 87 77 61 80 41
78 79 63 47 82 87 25 34 100 100 100 79 47 70 51 83 52 59 71 95 83 41 78 88 45 49 86 100 81 92 100 70 36 100 100 49 18 100 100 88 100 100 52 75 100 64 70 91 77 100 100 77 39 76 66 78 52 39 81 96 44 65 78 39 0 29 29 25 50 42 38 68 100 94 83 81 58 96 61 62 88 68 87 76 100 100 93 100 100 72 40 42 89 100 100 100 77 62 95 62
59 45 76 100 82 74 57 62 81 93 92 49 70 74 46 86 75 58 74 82 100 64 52 81 93 61 16 62 79 60 100 77 36 76 80 60 64 100 62 33 86 100 71 61 83 49 70 66 55 95 83 56 46 100 88 57 83 36 40 90 70 58 58 57 56 56 30 61 100 67 67 73 49 81 96 82 46 78 77 60 59 59 54 44 92 100 59 89 72 27 73 98 81 100 86 73 77 46 80 60
96 40 24 58 45 57 98 74 29 40 77 57 47 34 30 70 100 100 66 41 68 67 34 27 91 100 58 65 65 58 100 96 52 26 37 100 100 67 33 42 77 73 38 39 41 41 86 98 95 83 27 39 89 100 69 49 84 41 59 100 96 76 83 99 94 99 98 100 100 85 71 71 52 58 81 81 40 56 62 79 81 81 76 66 100 97 63 57 17 3 58 72 42 47 29 35 73 52 58 52
72 37 51 78 75 60 83 42 48 43 49 99 97 46 44 59 100 77 82 58 23 74 81 51 92 92 74 77 25 56 94 61 55 51 55 84 81 47 86 100 55 25 76 100 62 53 85 100 76 39 50 75 83 43 52 68 88 48 75 90 86 37 29 84 63 82 100 83 66 85 54 66 100 83 97 82 46 79 78 58 56 56 59 80 82 49 84 100 41 31 54 87 66 35 51 37 62 99 83 64
57 59 100 100 64 46 64 52 95 72 39 90 99 52 84 92 70 37 68 63 26 61 100 100 88 34 43 74 41 71 100 100 100 100 99 40 30 47 84 100 69 27 65 100 78 46 44 81 86 64 96 100 92 60 89 100 85 53 46 49 100 91 42 81 56 65 75 28 28 44 25 54 79 57 77 89 59 55 61 89 96 81 84 56 38 35 86 100 86 79 94 100 81 74 100 70 62 84 33 25
50 67 98 53 50 32 39 93 92 35 27 84 99 55 86 55 29 74 60 77 74 50 76 94 50 41 59 63 98 89 92 94 94 94 88 50 52 87 56 73 87 59 51 78 89 98 64 76 93 77 82 55 88 69 60 87 58 98 93 42 57 100 61 82 72 50 25 50 100 64 32 50 65 84 69 78 100 87 70 57 86 43 81 97 44 29 85 100 66 79 70 62 89 90 94 62 62 89 47 45
84 62 49 47 100 81 81 100 77 38 78 100 93 48 77 54 28 70 52 68 90 84 61 37 38 80 79 54 82 49 43 52 58 50 50 90 95 100 63 48 56 79 82 51 37 81 69 50 40 42 75 41 38 30 63 87 55 100 100 52 16 61 63 91 98 84 75 100 100 78 56 83 69 37 20 34 71 40 30 48 88 73 100 99 54 39 82 100 69 72 65 42 46 38 37 27 54 100 100 99
55 36 58 97 100 75 65 85 38 75 98 97 56 42 45 82 61 48 46 47 30 59 68 39 44 54 52 46 71 73 29 66 100 86 51 89 61 82 90 84 85 88 47 26 39 82 69 32 40 31 63 98 52 26 86 78 52 97 100 81 40 80 97 93 67 56 100 96 80 92 50 52 73 40 27 49 83 43 32 48 99 82 35 39 86 100 61 99 82 35 74 100 61 28 39 40 46 84 100 84
84 55 66 82 43 36 63 89 76 100 63 58 81 77 41 81 100 89 82 84 67 94 100 84 86 84 82 83 100 82 22 30 90 98 61 82 51 48 54 45 45 100 88 67 85 100 69 63 97 66 68 100 96 52 48 38 44 84 63 50 41 77 66 49 79 90 83 38 22 49 51 93 100 96 71 53 93 91 76 48 96 100 65 35 83 100 57 57 33 20 81 100 75 61 91 90 91 90 54 36
56 57 72 37 34 49 91 80 65 100 89 80 59 49 21 66 100 68 25 64 100 77 29 56 77 56 37 49 100 83 25 39 92 100 82 55 85 89 81 45 35 88 100 48 60 65 70 100 100 75 93 89 58 65 72 33 38 53 80 85 68 36 68 49 82 72 37 33 22 59 99 100 91 99 100 45 44 66 94 48 47 62 91 54 52 93 55 30 33 65 95 100 94 100 83 77 87 45 35 21
87 78 70 48 90 80 53 41 56 93 58 57 82 83 67 100 100 57 41 96 100 69 31 87 100 87 69 83 100 83 30 48 86 54 43 49 91 64 49 82 90 64 51 48 96 77 70 100 55 29 55 67 90 100 89 52 82 82 59 65 100 76 86 58 76 56 60 87 48 67 84 52 31 44 91 88 67 56 97 95 78 52 95 92 87 100 56 66 86 65 52 52 52 81 72 65 76 52 89 74
84 100 47 42 100 100 66 40 88 85 44 70 69 100 100 100 67 78 100 79 100 91 40 84 91 81 100 100 93 63 87 55 26 27 35 84 100 62 22 100 100 79 48 46 100 85 70 75 53 81 82 91 100 100 100 98 99 65 76 90 100 95 90 57 60 34 69 80 17 44 55 52 54 48 100 94 68 77 72 100 81 69 100 55 75 100 58 83 77 71 51 57 54 28 68 72 65 98 100 94
71 100 86 46 56 77 81 41 54 46 49 83 57 90 71 55 42 86 100 63 66 49 13 68 70 66 91 56 42 57 100 100 57 76 79 60 65 100 71 73 43 75 62 13 58 59 68 70 66 90 56 56 58 58 58 71 87 45 48 60 78 41 78 59 88 73 79 64 29 84 77 64 74 64 100 81 58 84 55 70 25 28 74 66 100 100 60 79 59 75 64 73 70 23 68 74 60 90 55 61
97 75 61 65 58 30 63 88 66 42 73 60 83 100 85 79 85 100 100 88 38 23 20 42 38 65 74 46 58 58 100 100 48 42 79 83 79 98 100 59 23 78 93 38 26 34 42 73 71 67 58 41 78 79 79 72 62 74 33 22 14 33 54 76 78 57 48 72 63 88 67 39 69 89 100 48 53 99 76 45 69 89 73 92 78 77 100 93 34 66 64 69 96 83 96 60 35 64 26 33
61 44 80 98 79 24 55 100 89 56 83 45 53 60 60 60 60 61 86 50 51 80 80 79 50 65 74 61 78 58 100 88 33 54 100 70 54 34 77 90 80 66 61 72 79 80 79 99 74 65 78 39 58 60 61 50 49 93 86 73 54 92 59 83 94 78 45 75 67 71 76 76 76 53 93 80 75 61 50 49 100 92 47 83 48 21 76 100 70 79 64 40 60 60 61 46 72 100 81 79
76 70 100 100 100 64 38 54 65 76 53 40 60 32 25 62 75 41 28 19 91 100 100 90 43 41 30 34 63 39 67 60 18 87 100 79 31 10 32 100 100 88 76 68 93 100 90 86 98 95 99 51 14 52 76 58 25 66 79 99 66 66 47 84 100 56 27 75 99 97 100 91 72 51 42 82 100 78 65 38 64 98 63 100 73 18 64 86 60 87 64 18 50 78 76 85 100 100 99 56
64 40 60 91 64 67 75 58 53 96 80 83 93 43 33 90 100 57 55 76 95 60 69 69 46 75 53 67 100 76 90 91 36 39 97 100 50 63 74 66 64 64 64 40 74 100 69 41 64 64 64 49 63 99 67 54 55 89 56 91 85 71 44 85 100 65 24 75 90 64 91 73 65 77 23 56 95 67 66 74 83 88 49 78 43 27 83 91 76 99 64 20 70 92 64 64 64 85 81 28
72 23 18 32 20 24 59 70 39 56 81 100 64 37 63 71 94 58 100 100 58 47 44 43 95 100 97 94 100 100 76 89 78 17 43 100 81 52 74 39 21 57 72 42 45 65 70 74 72 72 72 89 100 92 23 32 100 100 81 67 66 64 37 50 83 94 84 69 68 46 66 97 71 68 54 58 84 24 40 99 73 44 49 36 12 20 51 100 100 100 96 43 44 84 48 42 72 69 68 74
68 44 71 71 71 52 58 97 74 59 50 93 79 76 95 56 81 58 78 59 21 74 68 71 100 72 64 77 61 81 27 50 95 76 70 69 63 45 88 85 71 69 68 70 71 44 70 95 68 68 68 87 81 42 68 70 69 78 92 49 59 71 71 69 43 80 100 64 72 69 43 68 47 62 78 59 97 73 83 89 37 39 90 81 71 71 71 69 68 41 74 67 72 100 73 42 68 49 58 100
69 91 97 62 66 90 95 83 64 80 85 100 100 100 70 41 83 56 34 44 58 70 57 71 72 44 73 98 73 70 68 69 69 84 100 75 63 45 90 100 87 33 20 52 70 30 46 70 21 26 68 54 21 29 84 100 73 76 100 80 77 100 100 88 85 95 100 64 47 69 56 21 4 61 95 89 100 100 99 71 61 36 65 100 100 100 87 55 72 36 49 70 96 100 96 49 40 63 88 100
73 100 74 20 57 100 84 27 47 93 78 73 73 72 67 70 95 55 24 79 100 65 44 66 44 65 98 73 53 57 100 89 32 44 93 81 66 42 87 100 56 49 66 66 66 40 67 100 70 42 72 52 54 78 56 96 78 73 73 66 45 91 100 58 81 64 77 64 20 70 100 70 19 61 98 74 89 89 34 45 93 74 73 97 59 82 54 27 82 64 75 67 71 96 73 49 62 98 74 56
21 63 50 37 100 100 100 63 90 97 56 31 20 24 74 100 100 88 67 72 100 89 68 74 47 45 62 24 0 34 82 75 53 36 63 68 61 66 100 96 67 90 100 100 94 83 100 100 100 83 62 89 100 100 69 65 38 55 66 59 44 88 89 68 79 60 82 64 32 92 100 76 43 46 59 48 36 30 11 72 100 90 64 48 42 59 37 6 52 53 75 90 92 94 65 62 68 73 65 56
62 62 62 46 69 100 91 64 83 56 84 45 54 57 43 84 64 91 100 61 53 77 69 62 62 62 84 70 16 48 75 56 93 68 64 75 70 46 83 58 81 66 87 100 65 50 77 53 74 82 69 100 91 64 83 32 44 93 84 70 46 83 58 83 92 77 99 64 24 78 96 62 84 70 56 80 41 59 64 76 84 86 36 32 86 78 60 40 78 63 75 97 77 77 77 96 77 45 75 61
100 100 100 75 18 54 33 35 100 71 97 76 100 100 76 95 36 57 100 83 57 61 62 78 100 98 95 83 58 100 100 44 72 79 73 56 67 63 74 72 95 41 52 95 45 33 61 27 20 41 40 59 32 31 95 64 60 72 31 21 29 58 34 65 85 59 82 87 48 62 100 100 100 100 100 81 54 100 100 53 50 100 96 61 76 87 100 60 54 60 71 71 42 43 61 72 55 35 45 33
82 33 78 99 57 57 57 77 97 56 76 81 82 82 81 78 45 82 96 81 80 80 43 59 100 75 40 59 66 82 77 59 58 59 53 55 100 100 53 64 79 45 78 100 53 46 80 69 57 83 76 38 56 62 80 91 89 45 50 57 57 54 31 74 100 70 34 86 100 80 81 82 83 83 97 82 46 79 92 88 47 74 87 96 49 30 86 100 49 72 64 72 67 49 80 71 58 80 80 60
43 25 56 81 94 100 100 97 41 13 52 59 50 39 46 36 33 82 80 59 45 25 37 81 100 72 73 100 96 59 60 75 93 100 80 35 58 83 61 54 57 50 95 100 77 35 43 61 79 94 74 69 98 81 59 67 69 45 100 100 100 100 89 100 100 53 11 48 73 42 44 59 53 57 78 76 45 27 47 86 45 43 45 95 68 36 86 100 87 86 64 59 69 45 58 75 95 100 95 75
