100 100
70000 74412 78361 81506 83625 84606 84430 83158 80922 77905 74333 70461 66557 62892 59723 57285 55773 55331 56039 57898 60817 64604 68945 73477 78311 83625 89385 95403 100000 100000 100000 100000 100000 100000 100000 100000 100000 100000 100000 99644 93611 87643 82002 76835 72120 67614 63136 58759 54615 50863 47668 45177 43510 42745 42910 43980 45876 48466 51573 54985 58468 61781 64702 67045 68694 69630 69970 70000 70000 70000 70000 70000 70000 70000 70000 70000 70000 70000 70000 70000 70000 70000 70000 70000 70000 70000 70000 70000 70000 69999 69903 69374 68188 66284 63718 60633 57232 53747 50417 47472
70000 74412 78361 81504 83622 84600 84420 83143 80901 77878 74300 70422 66511 62838 59664 57220 55703 55258 55962 57818 60737 64523 68864 73394 78210 83472 89134 95004 100000 100000 100000 100000 100000 100000 100000 100000 100000 100000 100000 95497 89284 83189 77470 72266 67543 63041 58567 54194 50053 46305 43112 40623 38958 38193 38358 39427 41321 43909 47014 50423 53903 57214 60132 62473 64120 65056 65395 65425 65441 65510 65660 65908 66261 66720 67275 67914 68619 69368 70137 70902 71638 72321 72933 73455 73876 74191 74403 74521 74568 74574 74473 73917 72667 70650 67919 64616 60947 57148 53470 50150
70000 74412 78358 81495 83600 84561 84357 83053 80777 77717 74099 70179 66227 62514 59301 56823 55277 54806 55492 57336 60246 64028 68369 72897 77693 82899 88458 94171 99751 100000 100000 100000 100000 100000 100000 100000 100000 100000 97105 90878 84502 78298 72521 67302 62593 58115 53665 49316 45198 41470 38295 35820 34163 33403 33567 34630 36514 39088 42175 45566 49027 52319 55221 57549 59188 60118 60456 60486 60520 60664 60975 61491 62225 63178 64333 65663 67129 68686 70286 71876 73407 74829 76100 77185 78061 78717 79157 79403 79500 79514 79408 78822 77502 75363 72451 68907 64939 60791 56720 52977
70000 74411 78350 81472 83550 84471 84214 82843 80491 77345 73635 69619 65571 61765 58465 55908 54293 53766 54408 56222 59114 62888 67227 71753 76527 81670 87115 92657 98009 100000 100000 100000 100000 100000 100000 100000 100000 97967 91991 85576 79069 72792 66994 61796 57136 52719 48330 44040 39978 36301 33169 30727 29094 28343 28505 29554 31412 33951 36996 40341 43754 47002 49865 52161 53777 54695 55028 55058 55111 55337 55827 56636 57790 59286 61100 63188 65490 67937 70449 72947 75351 77584 79580 81285 82661 83691 84381 84769 84921 84942 84831 84214 82817 80543 77430 73616 69311 64764 60242 56007
70000 74409 78339 81435 83469 84324 83980 82502 80025 76739 72879 68707 64503 60545 57102 54416 52689 52070 52642 54406 57269 61030 65366 69890 74638 79713 85034 90389 95496 100000 100000 100000 100000 100000 100000 100000 97810 92348 86165 79603 73011 66709 60937 55808 51245 46934 42652 38466 34503 30915 27859 25476 23882 23150 23308 24332 26145 28621 31593 34857 38187 41356 44149 46390 47967 48862 49188 49217 49291 49605 50286 51412 53017 55098 57622 60526 63728 67130 70625 74099 77442 80549 83325 85697 87611 89043 90004 90542 90754 90783 90667 90017 88540 86123 82794 78688 74015 69028 64003 59214
70000 74407 78323 81385 83359 84125 83663 82039 79391 75915 71851 67467 63050 58886 55249 52387 50508 49765 50241 51938 54762 58505 62836 67358 72079 77080 82266 87424 92272 96503 99823 100000 100000 100000 100000 96529 91813 86129 79788 73132 66512 60241 54552 49545 45131 40978 36853 32821 29004 25548 22604 20309 18774 18069 18221 19207 20953 23339 26201 29345 32553 35605 38296 40454 41973 42835 43149 43177 43273 43679 44558 46010 48081 50768 54025 57772 61905 66296 70807 75291 79605 83614 87198 90259 92729 94577 95817 96512 96785 96823 96701 96019 94463 91904 88358 83954 78901 73455 67900 62521
70000 74404 78303 81324 83225 83884 83279 81479 78625 74919 70608 65969 61294 56881 53009 49935 47873 46978 47338 48955 51730 55451 59778 64297 68989 73911 78957 83910 88493 92409 95379 97165 97600 96595 94152 90367 85421 79571 73130 66443 59857 53678 48132 43305 39093 35150 31234 27406 23783 20502 17708 15530 14072 13403 13547 14483 16140 18405 21123 24106 27152 30049 32603 34652 36094 36913 37210 37237 37354 37850 38923 40698 43228 46509 50487 55065 60113 65476 70985 76463 81732 86629 91006 94745 97762 100000 100000 100000 100000 100000 100000 100000 100000 97608 93860 89173 83754 77860 71781 65811
70000 74401 78282 81257 83077 83617 82853 80858 77776 73816 69231 64308 59349 54659 50528 47219 44953 43891 44123 45650 48371 52069 56390 60906 65568 70409 75313 80060 84379 87987 90617 92052 92140 90811 88084 84066 78949 72995 66521 59870 53385 47363 42018 37425 33467 29782 26125 22550 19165 16101 13491 11457 10095 9470 9605 10479 12027 14143 16681 19468 22312 25019 27404 29318 30664 31429 31707 31733 31870 32448 33702 35775 38730 42562 47209 52556 58452 64716 71151 77549 83704 89423 94536 98902 100000 100000 100000 100000 100000 100000 100000 100000 100000 100000 99004 94073 88332 82035 75476 68956
70000 74398 78260 81187 82925 83342 82416 80219 76902 72680 67814 62599 57347 52372 47974 44423 41947 40713 40813 42248 44915 48587 52903 57416 62048 66809 71572 76118 80184 83498 85812 86926 86707 85102 82146 77956 72734 66746 60309 53765 47447 41643 36556 32247 28587 25206 21850 18570 15464 12652 10258 8391 7142 6568 6692 7494 8914 10855 13184 15741 18351 20835 23023 24779 26015 26717 26972 26995 27149 27800 29209 31538 34859 39166 44387 50396 57022 64062 71294 78483 85400 91828 97573 100000 100000 100000 100000 100000 100000 100000 100000 100000 100000 100000 100000 98383 92390 85770 78814 71827
70000 74396 78239 81121 82779 83078 81996 79606 76064 71590 66454 60959 55426 50178 45523 41741 39064 37664 37637 38984 41598 45247 49557 54067 58670 63354 67983 72339 76169 79214 81245 82079 81603 79779 76655 72362 67106 61157 54829 48458 42369 36840 32060 28078 24754 21710 18691 15739 12945 10416 8261 6581 5457 4941 5053 5774 7052 8799 10894 13195 15543 17778 19747 21327 22438 23070 23299 23321 23488 24194 25723 28251 31856 36531 42199 48721 55913 63555 71404 79208 86716 93693 99929 100000 100000 100000 100000 100000 100000 100000 100000 100000 100000 100000 100000 100000 95711 88876 81640 74306
70000 74393 78220 81062 82649 82844 81622 79061 75318 70621 65245 59501 53718 48227 43344 39355 36500 34953 34814 36082 38649 42276 46582 51089 55665 60277 64781 68965 72583 75393 77181 77785 77107 75127 71904 67578 62360 56519 50368 44233 38429 33222 28788 25166 22205 19524 16866 14268 11808 9581 7684 6206 5216 4762 4860 5495 6620 8158 10002 12028 14095 16062 17796 19186 20165 20721 20923 20942 21118 21860 23467 26124 29912 34826 40782 47637 55195 63227 71476 79677 87568 94900 100000 100000 100000 100000 100000 100000 100000 100000 100000 100000 100000 100000 100000 100000 98118 91201 83829 76299
70000 74391 78205 81014 82545 82655 81321 78621 74717 69839 64269 58324 52340 46653 41586 37430 34430 32765 32535 33740 36268 39879 44181 48685 53236 57783 62177 66209 69645 72257 73849 74277 73458 71387 68133 63844 58731 53064 47148 41302 35829 30981 26922 23680 21098 18793 16510 14278 12165 10253 8623 7353 6503 6113 6197 6743 7709 9030 10614 12354 14130 15820 17309 18503 19344 19822 19995 20012 20191 20947 22585 25292 29152 34159 40228 47213 54915 63098 71504 79861 87901 95372 100000 100000 100000 100000 100000 100000 100000 100000 100000 100000 100000 100000 100000 100000 99494 92643 85297 77744
70000 74390 78194 80981 82472 82523 81112 78316 74300 69297 63593 57509 51385 45562 40368 36097 32997 31250 30956 32117 34620 38218 42518 47020 51549 56039 60338 64243 67529 69986 71432 71738 70839 68739 65520 61329 56382 50944 45312 39796 34686 30221 26552 23699 21498 19572 17665 15801 14036 12438 11077 10016 9307 8981 9051 9507 10314 11417 12740 14194 15677 17088 18332 19330 20032 20431 20575 20590 20767 21514 23133 25809 29624 34573 40572 47476 55089 63178 71486 79747 87694 95079 100000 100000 100000 100000 100000 100000 100000 100000 100000 100000 100000 100000 100000 100000 99785 93153 86006 78612
70000 74389 78189 80965 82437 82460 81010 78168 74097 69034 63265 57113 50921 45032 39776 35449 32300 30513 30189 31329 33819 37411 41710 46210 50720 55163 59385 63187 66359 68701 70049 70288 69364 67295 64164 60126 55394 50226 44913 39753 35022 30949 27672 25202 23375 21816 20274 18767 17341 16049 14949 14092 13518 13254 13311 13680 14332 15224 16294 17468 18667 19808 20813 21620 22187 22510 22627 22639 22808 23525 25077 27642 31299 36042 41793 48410 55707 63461 71425 79343 86960 94039 100000 100000 100000 100000 100000 100000 100000 100000 100000 100000 100000 100000 100000 100000 99010 92747 85965 78913
70000 74389 78190 80967 82441 82468 81024 78188 74125 69070 63310 57167 50984 45104 39856 35537 32395 30614 30293 31436 33928 37521 41820 46318 50813 55218 59380 63107 66197 68464 69759 69978 69079 67087 64091 60245 55760 50889 45913 41117 36768 33080 30181 28077 26601 25387 24189 23018 21909 20905 20050 19383 18937 18733 18777 19063 19570 20263 21095 22008 22940 23827 24608 25235 25676 25927 26018 26028 26185 26850 28291 30672 34068 38472 43811 49955 56730 63929 71323 78674 85747 92319 98194 100000 100000 100000 100000 100000 100000 100000 100000 100000 100000 100000 100000 100000 97255 91497 85234 78691
70000 74390 78196 80988 82487 82550 81154 78378 74385 69408 63731 57676 51580 45785 40616 36369 33289 31559 31278 32448 34956 38557 42857 47354 51837 56215 60333 64007 67045 69274 70553 70792 69956 68076 65244 61615 57393 52827 48187 43748 39764 36439 33893 32123 30967 30065 29178 28310 27489 26745 26111 25618 25287 25135 25168 25380 25756 26270 26886 27562 28252 28909 29488 29953 30279 30465 30533 30540 30681 31278 32571 34708 37755 41707 46498 52012 58092 64552 71187 77784 84131 90029 95300 99803 100000 100000 100000 100000 100000 100000 100000 100000 100000 100000 100000 99163 94666 89526 83914 78024
70000 74391 78208 81026 82571 82702 81396 78730 74866 70033 64512 58617 52683 47044 42023 37909 34945 33309 33101 34322 36860 40475 44778 49274 53749 58107 62196 65838 68850 71068 72362 72649 71901 70154 67500 64092 60132 55860 51537 47429 43779 40781 38547 37072 36193 35562 34944 34339 33767 33248 32807 32463 32233 32127 32150 32298 32559 32917 33346 33818 34299 34757 35160 35484 35712 35841 35888 35894 36015 36531 37649 39496 42130 45546 49687 54452 59707 65291 71026 76728 82214 87311 91868 95760 98901 100000 100000 100000 100000 100000 100000 100000 100000 100000 98500 95309 91441 87004 82142 77017
70000 74394 78226 81080 82689 82915 81736 79227 75546 70917 65614 59947 54240 48824 44010 40084 37283 35782 35676 36969 39550 43184 47492 51987 56456 60801 64874 68501 71507 73734 75062 75412 74764 73152 70673 67475 63756 59749 55709 51890 48528 45808 43837 42607 41957 41549 41151 40763 40395 40062 39778 39557 39409 39341 39356 39451 39619 39849 40125 40428 40737 41031 41290 41498 41644 41728 41758 41762 41863 42290 43215 44744 46925 49753 53182 57127 61478 66101 70849 75570 80112 84333 88105 91328 93928 95874 97179 97911 98199 98239 98180 97840 97034 95650 93639 91009 87809 84126 80077 75793
70000 74397 78247 81147 82836 83181 82160 79846 76392 72017 66987 61602 56179 51038 46483 42792 40193 38859 38881 40263 42897 46555 50868 55363 59829 64168 68233 71856 74867 77116 78486 78904 78351 76865 74540 71523 68009 64223 60414 56831 53700 51201 49435 48395 47922 47684 47457 47234 47023 46833 46670 46543 46459 46420 46428 46483 46579 46711 46869 47042 47219 47388 47536 47656 47739 47787 47804 47807 47886 48222 48949 50151 51865 54087 56782 59883 63302 66936 70667 74378 77947 81264 84229 86762 88805 90335 91361 91936 92162 92193 92148 91884 91255 90174 88598 86531 84010 81099 77887 74478
70000 74400 78271 81224 83006 83488 82648 80558 77366 73282 68566 63506 58409 53585 49329 45906 43542 42399 42569 44053 46748 50434 54753 59248 63712 68048 72112 75738 78760 81033 82443 82920 82447 81062 78859 75983 72624 69004 65367 61956 58993 56652 55034 54127 53778 53659 53549 53442 53341 53249 53171 53110 53069 53050 53054 53080 53127 53190 53266 53350 53435 53516 53587 53645 53685 53708 53716 53718 53776 54022 54556 55437 56695 58325 60302 62577 65086 67752 70489 73211 75830 78264 80439 82297 83797 84919 85671 86093 86259 86282 86249 86057 85598 84806 83650 82129 80268 78115 75731 73192
70000 74404 78298 81308 83190 83821 83179 81333 78425 74660 70284 65578 60837 56358 52426 49297 47186 46252 46582 48178 50940 54656 58982 63477 67940 72276 76340 79971 83005 85298 86738 87257 86840 85524 83402 80618 77359 73846 70318 67015 64155 61912 60383 59558 59282 59234 59195 59157 59121 59089 59061 59040 59025 59018 59020 59029 59046 59068 59095 59125 59155 59184 59209 59229 59244 59252 59255 59256 59294 59456 59809 60390 61220 62296 63601 65102 66757 68516 70323 72119 73847 75453 76888 78114 79104 79844 80341 80619 80729 80744 80722 80596 80293 79770 79005 77996 76759 75323 73730 72028
70000 74407 78326 81396 83383 84169 83734 82142 79532 76099 72080 67744 63374 59256 55662 52840 50995 50279 50777 52489 55321 59068 63401 67896 72359 76695 80761 84395 87436 89740 91196 91738 91350 90068 87986 85247 82036 78574 75098 71846 69035 66837 65349 64561 64319 64303 64296 64289 64282 64276 64271 64267 64265 64264 64264 64266 64269 64273 64277 64283 64288 64294 64298 64302 64304 64306 64306 64307 64327 64413 64600 64908 65348 65918 66609 67404 68282 69214 70171 71123 72038 72889 73650 74299 74823 75216 75479 75627 75685 75693 75681 75614 75454 75176 74769 74231 73570 72802 71948 71033
70000 74411 78355 81485 83579 84523 84297 82965 80657 77561 73904 69944 65951 62199 58950 56439 54863 54369 55037 56868 59771 63550 67889 72384 76848 81184 85250 88886 91928 94235 95696 96243 95862 94588 92516 89787 86588 83138 79673 76433 73633 71446 69967 69186 68952 68943 68943 68943 68943 68943 68942 68942 68942 68942 68942 68942 68942 68942 68943 68943 68943 68943 68943 68943 68943 68943 68943 68943 68947 68963 68997 69054 69136 69242 69370 69518 69681 69854 70031 70208 70378 70536 70677 70798 70895 70968 71017 71044 71055 71056 71054 71042 71012 70960 70884 70784 70661 70517 70358 70187
70037 74451 78417 81606 83804 84904 84885 83809 81801 79040 75743 72157 68540 65153 62246 60046 58740 58467 59305 61254 64228 68039 72385 76880 81344 85681 89749 93387 96432 98742 100000 100000 100000 99112 97043 94318 91122 87674 84211 80972 78173 75985 74505 73723 73487 73476 73474 73472 73468 73463 73458 73452 73445 73438 73431 73424 73418 73412 73408 73404 73401 73399 73398 73398 73399 73400 73401 73403 73392 73342 73231 73046 72782 72438 72021 71541 71011 70447 69868 69292 68738 68222 67761 67367 67049 66811 66651 66562 66527 66522 66529 66569 66666 66833 67079 67404 67804 68270 68788 69344
70407 74806 78777 82004 84284 85513 85674 84826 83088 80633 77669 74431 71167 68126 65547 63644 62598 62540 63544 65609 68653 72495 76849 81344 85811 90156 94239 97898 100000 100000 100000 100000 100000 100000 100000 99127 95960 92535 89089 85858 83061 80869 79379 78583 78329 78300 78277 78247 78206 78155 78095 78027 77953 77875 77798 77724 77654 77593 77540 77499 77468 77449 77440 77441 77449 77464 77482 77502 77493 77393 77153 76742 76146 75367 74415 73315 72098 70800 69463 68131 66846 65650 64579 63662 62921 62365 61992 61782 61699 61688 61703 61794 62012 62390 62946 63682 64589 65646 66826 68093
71385 75736 79674 82898 85212 86519 86805 86126 84601 82394 79708 76767 73811 71077 68792 67162 66356 66501 67662 69839 72950 76824 81185 85681 90156 94523 98646 100000 100000 100000 100000 100000 100000 100000 100000 100000 100000 97941 94536 91328 88533 86326 84807 83969 83667 83587 83504 83396 83254 83077 82867 82630 82374 82109 81844 81589 81354 81145 80969 80830 80730 80669 80644 80651 80685 80738 80804 80874 80901 80786 80452 79850 78958 77774 76317 74623 72738 70721 68635 66550 64534 62652 60961 59511 58336 57453 56859 56524 56392 56374 56397 56533 56859 57428 58265 59378 60752 62358 64155 66090
73078 77335 81192 84357 86643 87959 88294 87708 86316 84281 81799 79088 76378 73899 71866 70474 69884 70213 71520 73803 76980 80884 85251 89749 94239 98646 100000 100000 100000 100000 100000 100000 100000 100000 100000 100000 100000 100000 100000 97389 94595 92357 90780 89864 89472 89295 89102 88852 88526 88121 87643 87106 86527 85930 85336 84767 84243 83783 83397 83097 82884 82758 82713 82741 82827 82956 83111 83276 83384 83301 82923 82183 81047 79513 77603 75361 72850 70149 67343 64527 61793 59231 56923 54938 53324 52108 51286 50823 50640 50614 50644 50816 51232 51959 53034 54467 56243 58327 60668 63198
75460 79573 83293 86335 88522 89768 90069 89485 88137 86186 83824 81266 78735 76450 74619 73427 73024 73517 74959 77340 80579 84513 88887 93387 97898 100000 100000 100000 100000 100000 100000 100000 100000 100000 100000 100000 100000 100000 100000 100000 100000 98796 97127 96090 95558 95234 94874 94410 93812 93071 92201 91226 90180 89104 88039 87024 86095 85283 84610 84091 83732 83531 83474 83545 83719 83968 84262 84572 84813 84818 84457 83645 82338 80526 78235 75516 72448 69123 65651 62147 58731 55517 52610 50100 48053 46506 45458 44864 44629 44597 44630 44828 45308 46151 47404 49081 51171 53636 56418 59441
78411 82325 85850 88705 90719 91813 91991 91320 89923 87964 85636 83150 80725 78574 76895 75862 75616 76252 77815 80288 83587 87549 91929 96432 100000 100000 100000 100000 100000 100000 100000 100000 100000 100000 100000 100000 100000 100000 100000 100000 100000 100000 100000 100000 100000 100000 100000 99787 98828 97649 96269 94730 93086 91402 89741 88167 86735 85493 84475 83702 83182 82908 82861 83009 83314 83731 84215 84723 85150 85304 85029 84222 82827 80828 78249 75149 71614 67754 63694 59575 55537 51720 48253 45247 42786 40919 39651 38930 38644 38604 38639 38850 39363 40271 41629 43459 45754 48478 51573 54960
81741 85407 88681 91285 93055 93920 93890 93043 91508 89454 87076 84587 82199 80122 78545 77634 77515 78275 79947 82505 85859 89849 94236 98742 100000 100000 100000 100000 100000 100000 100000 100000 100000 100000 100000 100000 100000 100000 100000 100000 100000 100000 100000 100000 100000 100000 100000 100000 100000 100000 99569 97361 95014 92620 90271 88056 86057 84337 82944 81906 81231 80907 80902 81171 81656 82292 83017 83773 84439 84801 84684 83965 82576 80493 77738 74370 70482 66196 61655 57014 52439 48092 44125 40669 37829 35665 34190 33348 33013 32966 33001 33209 33723 34638 36020 37899 40275 43120 46380 49977
85227 88598 91570 93868 95330 95894 95582 94480 92727 90500 87998 85434 83023 80967 79449 78623 78607 79473 81242 83879 87286 91303 95697 100000 100000 100000 100000 100000 100000 100000 100000 100000 100000 100000 100000 100000 100000 100000 100000 100000 100000 100000 100000 100000 100000 100000 100000 100000 100000 100000 100000 98895 95774 92605 89513 86617 84022 81812 80048 78763 77964 77628 77713 78153 78868 79774 80786 81834 82789 83416 83525 82980 81695 79641 76830 73322 69212 64631 59732 54689 49683 44898 40508 36666 33493 31066 29405 28454 28074 28020 28052 28243 28720 29583 30902 32718 35043 37859 41122 44764
88627 91665 94295 96239 97341 97547 96890 95468 93431 90965 88276 85582 83096 81017 79521 78753 78818 79775 81632 84342 87801 91844 96244 100000 100000 100000 100000 100000 100000 100000 100000 100000 100000 100000 100000 100000 100000 100000 100000 100000 100000 100000 100000 100000 100000 100000 100000 100000 100000 100000 100000 99161 95234 91268 87422 83845 80667 77993 75894 74408 73536 73246 73477 74143 75140 76360 77700 79080 80362 81305 81706 81414 80333 78420 75680 72167 67977 63243 58126 52812 47497 42383 37664 33511 30065 27418 25597 24551 24132 24072 24098 24257 24662 25412 26581 28223 30361 32996 36097 39611
91708 94386 96643 98199 98902 98707 97658 95868 93498 90745 87825 84958 82359 80225 78725 77994 78124 79160 81099 83879 87388 91456 95862 100000 100000 100000 100000 100000 100000 100000 100000 100000 100000 100000 100000 100000 100000 100000 100000 100000 100000 100000 100000 100000 100000 100000 100000 100000 100000 100000 100000 98060 93336 88592 84023 79808 76101 73024 70658 69040 68168 67993 68435 69384 70711 72284 73985 75722 77363 78663 79412 79448 78662 76999 74455 71074 66947 62206 57018 51572 46080 40756 35810 31432 27780 24960 23012 21889 21437 21373 21390 21502 21802 22382 23319 24679 26502 28807 31586 34803
94261 96561 98428 99575 99855 99233 97766 95579 92848 89780 86601 83536 80803 78594 77073 76366 76552 77662 79677 82525 86083 90176 94589 99112 100000 100000 100000 100000 100000 100000 100000 100000 100000 100000 100000 100000 100000 100000 100000 100000 100000 100000 100000 100000 100000 100000 100000 100000 100000 100000 100000 95573 90099 84639 79419 74647 70500 67112 64573 62917 62130 62149 62870 64156 65855 67813 69895 72008 74026 75713 76854 77280 76871 75558 73323 70201 66275 61671 56554 51119 45581 40167 35101 30588 26801 23861 21821 20639 20161 20093 20100 20153 20319 20677 21310 22292 23684 25526 27835 30602
96109 98028 99499 100000 100000 99029 97136 94545 91444 88054 84608 81340 78465 76177 74632 73945 74184 75366 77458 80373 83979 88098 92517 97043 100000 100000 100000 100000 100000 100000 100000 100000 100000 100000 100000 100000 100000 100000 100000 100000 100000 100000 100000 100000 100000 100000 100000 100000 100000 100000 97706 91766 85627 79548 73785 68570 64100 60521 57922 56335 55730 56024 57090 58765 60871 63233 65706 68199 70603 72692 74256 75119 75151 74269 72444 69695 66092 61755 56842 51547 46090 40703 35620 31059 27208 24201 22104 20884 20388 20317 20311 20295 20303 20400 20668 21194 22058 23325 25041 27224
97126 98671 99755 100000 99519 98043 95737 92755 89299 85601 81902 78441 75437 73078 71516 70856 71153 72411 74580 77564 81218 85363 89788 94318 99127 100000 100000 100000 100000 100000 100000 100000 100000 100000 100000 100000 100000 100000 100000 100000 100000 100000 100000 100000 100000 100000 100000 100000 100000 99394 93312 86791 80101 73529 67358 61842 57190 53555 51024 49619 49294 49945 51418 53523 56060 58836 61698 64563 67347 69841 71841 73170 73688 73300 71960 69673 66495 62533 57938 52899 47633 42377 37370 32843 28993 25969 23848 22608 22102 22029 22010 21918 21751 21558 21419 21431 21696 22306 23335 24833
97234 98426 99145 99095 98140 96274 93589 90251 86474 82502 78583 74960 71852 69447 67887 67269 67635 68976 71228 74282 77987 82157 86589 91122 95960 100000 100000 100000 100000 100000 100000 100000 100000 100000 100000 100000 100000 100000 100000 100000 100000 100000 100000 100000 100000 100000 100000 100000 100000 94418 87857 80876 73771 66855 60432 54771 50091 46545 44214 43107 43158 44239 46171 48739 51719 54905 58141 61360 64505 67392 69826 71629 72655 72795 71989 70226 67545 64040 59849 55154 50168 45128 40277 35851 32059 29061 26946 25703 25193 25120 25087 24916 24566 24068 23499 22967 22594 22497 22783 23533
96413 97282 97670 97279 95978 93769 90756 87115 83073 78879 74790 71052 67884 65467 63940 63387 63840 65275 67618 70747 74503 78700 83138 87674 92535 97941 100000 100000 100000 100000 100000 100000 100000 100000 100000 100000 100000 100000 100000 100000 100000 100000 100000 100000 100000 100000 100000 100000 94810 88537 81615 74310 66942 59845 53336 47695 43144 39832 37830 37128 37642 39217 41648 44696 48119 51699 55284 58826 62303 65557 68404 70669 72199 72875 72622 71410 69265 66263 62530 58238 53593 48829 44190 39917 36227 33290 31204 29972 29465 29392 29345 29096 28564 27761 26762 25683 24665 23851 23378 23360
94693 95280 95381 94699 93108 90618 87344 83470 79232 74887 70695 66903 63727 61347 59890 59433 59996 61542 63985 67195 71005 75229 79674 84211 89089 94536 100000 100000 100000 100000 100000 100000 100000 100000 100000 100000 100000 100000 100000 100000 100000 100000 100000 100000 100000 100000 99221 94345 88609 82065 74909 67426 59954 52841 46414 40957 36687 33745 32190 31991 33039 35156 38110 41643 45494 49442 53339 57165 60934 64516 67739 70433 72439 73629 73912 73246 71638 69149 65892 62027 57751 53295 48902 44814 41253 38399 36360 35150 34649 34577 34517 34193 33490 32399 30991 29391 27756 26255 25050 24288
92155 92508 92374 91459 89645 86948 83491 79467 75116 70701 66484 62709 59591 57302 55962 55637 56335 58011 60567 63863 67731 71982 76434 80972 85858 91328 97389 100000 100000 100000 100000 100000 100000 100000 100000 100000 100000 100000 100000 100000 100000 100000 100000 100000 100000 97478 93087 87989 82053 75349 68089 60575 53155 46188 40002 34879 31030 28581 27573 27953 29590 32278 35764 39771 44025 48303 52469 56532 60546 64406 67954 71024 73454 75107 75882 75719 74613 72610 69809 66358 62448 58301 54159 50265 46845 44085 42102 40918 40426 40355 40283 39894 39038 37689 35915 33847 31658 29535 27668 26228
88921 89091 88779 87696 85731 82907 79353 75268 70896 66500 62342 58663 55673 53535 52362 52208 53072 54897 57578 60968 64896 69176 73634 78173 83061 88533 94595 100000 100000 100000 100000 100000 100000 100000 100000 100000 100000 100000 100000 100000 100000 100000 100000 100000 95605 91348 86782 81534 75489 68735 61497 54090 46870 40195 34394 29739 26429 24574 24191 25208 27465 30737 34748 39203 43824 48386 52772 57020 61227 65308 69120 72498 75280 77322 78512 78780 78108 76528 74128 71046 67464 63599 59689 55978 52693 50024 48096 46940 46458 46388 46307 45864 44880 43317 41238 38779 36125 33481 31056 29042
85141 85182 84749 83564 81520 78650 75087 71032 66731 62446 58433 54931 52139 50215 49259 49316 50376 52372 55190 58681 62672 66982 71447 75985 80869 86326 92357 98796 100000 100000 100000 100000 100000 100000 100000 100000 100000 100000 100000 100000 100000 100000 99146 94244 89699 85312 80630 75301 69234 62531 55430 48254 41361 35107 29811 25734 23056 21869 22167 23852 26744 30592 35105 39975 44918 49716 54270 58652 62997 67239 71245 74854 77902 80240 81750 82352 82018 80771 78689 75902 72585 68949 65230 61671 58499 55908 54029 52898 52425 52356 52267 51783 50703 48978 46667 43911 40903 37861 35009 32556
80978 80940 80442 79215 77163 74323 70833 66895 62752 58662 54877 51626 49101 47447 46756 47063 48346 50531 53500 57099 61156 65496 69968 74505 79379 84807 90780 97127 100000 100000 100000 100000 100000 100000 100000 100000 100000 100000 100000 100000 100000 99146 93751 88732 84097 79628 74883 69539 63525 56961 50095 43254 36792 31058 26360 22942 20963 20492 21501 23867 27387 31793 36776 42019 47237 52222 56893 61360 65792 70137 74267 78026 81248 83783 85507 86334 86228 85208 83343 80759 77625 74150 70565 67113 64022 61488 59644 58532 58065 57997 57904 57393 56250 54418 51954 49002 45760 42454 39317 36572
76591 76516 75998 74782 72780 70036 66689 62940 59029 55207 51718 48782 46580 45246 44861 45449 46979 49371 52500 56212 60337 64709 69187 73723 78583 83969 89864 96090 100000 100000 100000 100000 100000 100000 100000 100000 100000 100000 100000 100000 100000 94244 88732 83635 78949 74441 69678 64370 58470 52114 45557 39126 33172 28030 23993 21285 20044 20314 22043 25086 29218 34153 39570 45145 50595 55722 60468 64978 69453 73849 78042 81877 85190 87827 89662 90607 90622 89722 87973 85498 82462 79074 75562 72169 69123 66621 64797 63695 63232 63164 63069 62543 61368 59481 56938 53885 50521 47078 43794 40896
72111 72028 71522 70352 68442 65838 62682 59173 55545 52041 48896 46319 44479 43499 43447 44339 46133 48742 52039 55868 60063 64467 68953 73487 78329 83667 89472 95558 100000 100000 100000 100000 100000 100000 100000 100000 100000 100000 100000 100000 95605 89699 84097 78949 74239 69721 64971 59735 53989 47884 41682 35709 30306 25796 22454 20482 19995 21014 23460 27168 31892 37330 43150 49025 54674 59912 64703 69227 73714 78125 82336 86194 89533 92201 94068 95049 95100 94236 92523 90080 87075 83713 80224 76849 73817 71325 69507 68408 67947 67879 67783 67254 66069 64165 61599 58516 55116 51633 48305 45361
67614 67534 67052 65942 64138 61692 58746 55497 52171 49006 46225 44025 42564 41952 42247 43451 45516 48348 51815 55763 60029 64465 68957 73489 78312 83598 89306 95245 100000 100000 100000 100000 100000 100000 100000 100000 100000 100000 100000 97490 91360 85324 79641 74453 69734 65216 60493 55341 49765 43928 38099 32599 27763 23898 21261 20031 20301 22066 25226 29590 34895 40823 47033 53193 59028 64363 69188 73716 78203 82614 86826 90684 94023 96690 98558 99538 99590 98726 97012 94570 91565 88203 84714 81339 78308 75816 73999 72900 72440 72372 72277 71748 70564 68661 66096 63014 59615 56132 52805 49862
63136 63048 62581 61526 59829 57547 54823 51850 48850 46050 43661 41869 40817 40602 41268 42808 45162 48229 51874 55941 60274 64733 69220 73737 78527 83741 89327 95089 100000 100000 100000 100000 100000 100000 100000 100000 100000 100000 99463 93338 87042 80895 75153 69951 65245 60753 56080 51037 45652 40103 34661 29647 25385 22167 20231 19735 20748 23243 27095 32094 37959 44357 50939 57370 63379 68807 73663 78193 82679 87086 91290 95135 98457 100000 100000 100000 100000 100000 100000 98816 95789 92408 88906 85523 82487 79996 78184 77095 76645 76590 76508 75996 74835 72961 70432 67391 64038 60603 57326 54431
58759 58634 58158 57144 55550 53442 50963 48302 45673 43291 41355 40034 39456 39700 40794 42717 45398 48726 52561 56748 61136 65596 70050 74523 79242 84338 89744 95258 100000 100000 100000 100000 100000 100000 100000 100000 100000 100000 95307 88990 82570 76364 70620 65461 60828 56422 51858 46980 41837 36618 31599 27093 23413 20838 19585 19792 21507 24680 29168 34743 41108 47921 54827 61492 67651 73156 78039 82570 87053 91448 95626 99429 100000 100000 100000 100000 100000 100000 100000 100000 99352 95914 92369 88959 85914 83428 81635 80575 80163 80150 80113 79657 78570 76792 74378 71470 68264 64985 61865 59125
54615 54412 53893 52897 51398 49471 47259 44949 42744 40845 39433 38659 38630 39405 40994 43355 46405 50021 54058 58360 62782 67211 71593 75978 80577 85490 90635 95808 100000 100000 100000 100000 100000 100000 100000 100000 100000 96985 90892 84437 77960 71773 66110 61079 56605 52369 47996 43360 38528 33697 29140 25164 22069 20117 19507 20359 22701 26465 31494 37546 44316 51457 58613 65454 71721 77281 82181 86714 91191 95562 99689 100000 100000 100000 100000 100000 100000 100000 100000 100000 100000 98405 94783 91327 88266 85794 84041 83042 82706 82776 82828 82484 81542 79948 77757 75105 72179 69195 66373 63922
50863 50534 49930 48922 47502 45756 43829 41902 40166 38806 37983 37825 38414 39786 41928 44776 48230 52155 56397 60802 65232 69591 73853 78099 82519 87177 91974 96703 100000 100000 100000 100000 100000 100000 100000 100000 98190 92519 86257 79738 73294 67223 61744 56944 52728 48760 44674 40369 35925 31540 27483 24051 21528 20160 20128 21536 24397 28631 34069 40467 47515 54869 62176 69115 75438 81024 85932 90466 94934 99268 100000 100000 100000 100000 100000 100000 100000 100000 100000 100000 100000 99676 95944 92425 89349 86906 85220 84320 84105 84307 84500 84330 83613 82303 80451 78187 75684 73141 70763 68741
47668 47161 46427 45370 44006 42432 40794 39267 38029 37247 37058 37564 38821 40837 43571 46939 50818 55058 59500 63987 68391 72636 76728 80783 84964 89293 93654 97840 100000 100000 100000 100000 100000 100000 100000 98859 93731 87841 81489 75000 68694 62851 57667 53209 49358 45763 42065 38182 34200 30315 26787 23897 21915 21068 21524 23372 26614 31164 36853 43435 50609 58037 65380 72328 78647 84225 89128 93661 98117 100000 100000 100000 100000 100000 100000 100000 100000 100000 100000 100000 100000 99625 95758 92167 89081 86687 85101 84342 84296 84682 85071 85139 84728 83798 82400 80649 78702 76737 74936 73467
45177 44443 43532 42387 41048 39625 38265 37137 36404 36213 36676 37868 39814 42492 45834 49729 54033 58581 63203 67744 72085 76172 80044 83857 87740 91672 95518 99075 100000 100000 100000 100000 100000 100000 99053 94501 89081 83049 76702 70352 64301 58804 54032 50026 46645 43524 40312 36937 33485 30143 27158 24793 23300 22891 23720 25867 29329 34020 39777 46363 53492 60843 68094 74954 81201 86735 91621 96152 100000 100000 100000 100000 100000 100000 100000 100000 100000 100000 100000 100000 100000 98240 94224 90561 87479 85159 83709 83134 83307 83927 84564 84932 84901 84439 83593 82463 81185 79909 78790 77970
43510 42502 41371 40097 38747 37442 36334 35582 35336 35721 36824 38689 41313 44642 48577 52982 57690 62520 67292 71851 76089 79974 83581 87103 90638 94115 97383 100000 100000 100000 100000 100000 100000 98920 94899 89967 84334 78258 72025 65932 60256 55224 50977 47526 44712 42158 39519 36727 33860 31091 28646 26770 25697 25624 26694 28981 32485 37127 42756 49156 56062 63177 70205 76875 82983 88435 93290 97819 100000 100000 100000 100000 100000 100000 100000 100000 100000 100000 100000 100000 99949 95596 91430 87705 84648 82432 81154 80805 81240 82141 83074 83796 84206 84284 84067 83640 83111 82601 82233 82120
42745 41424 40032 38590 37188 35960 35061 34644 34842 35759 37458 39953 43210 47145 51631 56502 61571 66640 71521 76058 80153 83796 87098 90291 93436 96414 99057 100000 100000 100000 100000 100000 98646 95062 90571 85342 79595 73584 67583 61868 56686 52231 48611 45809 43643 41735 39743 37594 35350 33164 31241 29803 29066 29213 30379 32639 35999 40397 45702 51724 58229 64952 71627 78010 83913 89247 94059 98584 100000 100000 100000 100000 100000 100000 100000 100000 100000 100000 100000 100000 96419 91836 87534 83769 80762 78682 77611 77526 78263 79484 80753 81872 82771 83437 83902 84226 84490 84783 85194 85803
42910 41246 39561 37913 36416 35218 34473 34329 34905 36285 38507 41558 45374 49842 54807 60078 65447 70699 75639 80110 84023 87391 90357 93191 95915 98365 100000 100000 100000 100000 100000 98402 95144 91008 86136 80714 74965 69139 63492 58272 53694 49916 47009 44929 43477 42274 40983 39517 37917 36309 34873 33809 33312 33555 34669 36734 39770 43734 48526 53989 59926 66112 72315 78320 83958 89141 93899 98418 100000 100000 100000 100000 100000 100000 100000 100000 100000 100000 100000 96851 91957 87167 82755 78978 76055 74143 73313 73524 74593 76165 77799 79346 80762 82043 83208 84298 85362 86453 87626 88929
43980 41953 39951 38065 36432 35209 34555 34610 35480 37231 39879 43385 47660 52564 57915 63500 69091 74461 79403 83763 87461 90528 93138 95594 97882 99793 100000 100000 100000 100000 98282 95263 91398 86811 81668 76169 70540 65019 59841 55224 51345 48326 46200 44894 44198 43738 43181 42418 41462 40411 39415 38649 38293 38509 39428 41139 43681 47040 51148 55891 61115 66636 72264 77814 83135 88141 92834 97348 100000 100000 100000 100000 100000 100000 100000 100000 100000 100000 97022 91958 86803 81843 77359 73608 70802 69090 68528 69059 70483 72423 74443 76431 78374 80271 82129 83964 85793 87637 89514 91442
45876 43477 41143 38994 37186 35885 35252 35421 36489 38504 41463 45306 49921 55144 60772 66572 72298 77711 82599 86806 90261 93009 95254 97325 99174 100000 100000 100000 100000 98277 95462 91814 87452 82531 77240 71789 66401 61299 56695 52771 49668 47465 46162 45660 45737 46035 46222 46160 45831 45299 44684 44138 43823 43896 44491 45708 47612 50219 53504 57395 61787 66544 71515 76550 81516 86322 90945 95452 99803 100000 100000 100000 100000 100000 100000 100000 100000 97000 91948 86595 81232 76153 71643 67959 65306 63822 63551 64418 66206 68524 70934 73364 75824 78313 80826 83352 85878 88391 90878 93327
48466 45699 43030 40601 38584 37154 36472 36667 37828 39991 43136 47187 52011 57427 63213 69121 74890 80272 85049 89066 92256 94680 96562 98254 99676 100000 100000 99928 98259 95677 92250 88092 83359 78234 72923 67643 62610 58029 54083 50921 48643 47290 46827 47131 47976 49021 49937 50554 50816 50753 50455 50050 49687 49515 49676 50288 51440 53187 55544 58490 61968 65892 70153 74634 79220 83814 88361 92862 97197 100000 100000 100000 100000 100000 100000 100000 96777 91962 86624 81051 75545 70407 65924 62350 59884 58653 58686 59894 62045 64736 67529 70387 73335 76371 79473 82607 85729 88797 91768 94605
51573 48454 45456 42741 40489 38884 38085 38221 39372 41565 44769 48894 53794 59274 65098 71006 76728 82008 86624 90419 93334 95438 96972 98302 99323 99729 99322 97999 95743 92604 88690 84154 79183 73986 68781 63785 59205 55226 52002 49644 48214 47715 48080 49166 50747 52506 54115 55367 56170 56517 56469 56132 55641 55145 54793 54722 55050 55870 57241 59192 61716 64775 68304 72216 76412 80790 85260 89754 94075 97813 100000 100000 100000 100000 99611 96267 91945 86879 81340 75627 70051 64919 60519 57098 54849 53887 54230 55776 58278 61325 64483 67738 71128 74645 78249 81884 85478 88961 92266 95339
54985 51541 48232 45233 42731 40912 39939 39936 40980 43092 46233 50304 55152 60571 66319 72127 77718 82831 87243 90797 93435 95234 96444 97442 98099 98091 97225 95420 92687 89114 84846 80069 74996 69853 64867 60253 56204 52884 50415 48873 48284 48613 49767 51587 53850 56266 58510 60338 61618 62310 62447 62114 61437 60563 59652 58860 58337 58211 58588 59541 61115 63318 66124 69477 73292 77459 81854 86342 90652 94345 97078 98620 98847 97731 95329 91773 87260 82036 76388 70622 65055 59997 55732 52503 50496 49814 50463 52331 55161 58537 62029 65640 69412 73327 77330 81339 85263 89005 92483 95625
58468 54734 51143 47872 45115 43057 41862 41653 42504 44436 47404 51308 55988 61237 66806 72425 77814 82709 86885 90187 92558 94076 94998 95702 96043 95685 94443 92257 89166 85289 80802 75917 70868 65893 61223 57066 53600 50965 49254 48510 48723 49828 51706 54189 57059 60056 62859 65188 66873 67844 68106 67728 66828 65553 64074 62569 61214 60175 59597 59600 60273 61668 63794 66624 70082 74052 78378 82859 87160 90822 93492 94942 95053 93807 91274 87599 82992 77710 72047 66316 60836 55915 51836 48834 47086 46685 47628 49793 52919 56586 60372 64287 68368 72588 76873 81122 85222 89062 92543 95588
61781 57802 53964 50445 47437 45127 43676 43209 43802 45472 48177 51818 56235 61221 66528 71887 77017 81657 85580 88631 90753 92024 92700 93157 93237 92601 91072 88612 85283 81230 76652 71783 66870 62158 57876 54224 51364 49411 48430 48435 49384 51185 53701 56755 60141 63629 66903 69646 71660 72842 73179 72724 71588 69921 67905 65735 63616 61743 60301 59448 59312 59983 61504 63867 67009 70806 75069 79545 83842 87485 90119 91520 91575 90273 87695 83996 79392 74149 68564 62952 57632 52909 49058 46309 44828 44702 45918 48349 51729 55643 59675 63833 68145 72570 77016 81364 85488 89263 92585 95374
64702 60526 56484 52748 49505 46941 45217 44459 44744 46094 48470 51776 55858 60512 65497 70545 75380 79742 83407 86219 88119 89184 89663 89924 89802 88962 87238 84608 81156 77045 72494 67747 63062 58683 54837 51710 49447 48143 47836 48514 50108 52506 55556 59078 62877 66756 70401 73469 75732 77066 77439 76892 75532 73513 71024 68280 65504 62921 60746 59171 58356 58421 59435 61410 64289 67941 72153 76625 80920 84556 87183 88578 88634 87349 84809 81175 76668 71554 66133 60717 55622 51146 47558 45078 43866 44000 45461 48118 51707 55818 60042 64379 68841 73369 77856 82168 86169 89729 92741 95130
67045 62724 58524 54606 51153 48347 46348 45284 45235 46228 48233 51159 54860 59140 63765 68473 72995 77074 80489 83084 84797 85699 86030 86148 85886 84914 83081 80379 76908 72845 68418 63880 59489 55489 52097 49487 47789 47074 47362 48616 50748 53630 57100 60979 65085 69249 73166 76468 78906 80339 80720 80085 78536 76229 73363 70163 66872 63736 60992 58858 57519 57118 57744 59421 62098 65640 69813 74282 78578 82221 84865 86293 86405 85203 82777 79288 74960 70057 64874 59720 54902 50712 47411 45209 44259 44631 46304 49145 52894 57150 61513 65964 70496 75031 79446 83599 87346 90556 93129 94997
68694 64277 59964 55904 52271 49243 46979 45610 45221 45846 47461 49987 53286 57174 61424 65784 69993 73798 76981 79385 80948 81731 81964 81990 81644 80608 78744 76055 72652 68722 64495 60227 56174 52573 49630 47508 46318 46117 46905 48628 51185 54434 58210 62336 66647 70996 75087 78539 81085 82575 82951 82245 80557 78045 74913 71397 67750 64234 61100 58585 56889 56172 56535 58011 60552 64019 68167 72633 76933 80594 83277 84773 84987 83924 81675 78401 74320 69694 64809 59968 55467 51591 48589 46665 45964 46550 48400 51382 55243 59595 64043 68549 73078 77533 81780 85667 89049 91801 93830 95084
69630 65161 60776 56611 52829 49604 47096 45436 44715 44976 46203 48329 51226 54722 58602 62623 66530 70079 73054 75299 76746 77451 77628 77607 77225 76181 74348 71740 68473 64736 60762 56803 53108 49905 47389 45710 44965 45196 46389 48477 51349 54858 58836 63113 67537 71984 76167 79696 82298 83813 84182 83431 81661 79031 75749 72055 68209 64481 61131 58405 56512 55621 55839 57205 59672 63098 67232 71697 76003 79689 82428 84020 84372 83493 81470 78462 74681 70379 65836 61343 57186 53639 50941 49290 48820 49594 51588 54673 58605 63009 67498 72007 76472 80779 84779 88318 91253 93466 94877 95451
69970 65481 61055 56813 52909 49511 46779 44846 43810 43720 44574 46311 48819 51936 55459 59155 62779 66092 68882 70993 72354 73010 73164 73128 72747 71734 69975 67492 64404 60899 57208 53575 50241 47424 45307 44027 43668 44260 45779 48148 51249 54934 59036 63391 67861 72342 76556 80111 82731 84253 84618 83849 82049 79376 76039 72281 68364 64560 61134 58332 56370 55417 55584 56911 59352 62764 66892 71357 75670 79387 82195 83900 84415 83747 81983 79274 75825 71879 67704 63578 59779 56567 54173 52784 52530 53472 55584 58743 62714 67137 71635 76109 80469 84578 88280 91417 93851 95475 96224 96084
70002 65507 61056 56751 52739 49182 46238 44045 42705 42276 42765 44124 46253 49002 52178 55561 58913 62003 64621 66612 67900 68523 68668 68632 68267 67304 65640 63300 60409 57152 53753 50451 47476 45034 43298 42391 42386 43303 45106 47713 51001 54820 59006 63405 67888 72372 76589 80146 82767 84290 84653 83883 82080 79403 76062 72298 68375 64564 61131 58323 56355 55397 55560 56883 59322 62733 66861 71325 75646 79397 82278 84104 84792 84349 82856 80461 77357 73779 69981 66231 62794 59918 57825 56693 56648 57746 59963 63181 67177 71605 76094 80517 84752 88643 92024 94736 96647 97662 97733 96866
70170 65680 61211 56854 52742 49031 45881 43428 41783 41011 41129 42100 43837 46202 49015 52067 55130 57979 60410 62268 63473 64053 64183 64141 63788 62871 61301 59109 56420 53419 50323 47362 44755 42698 41350 40822 41173 42413 44496 47333 50797 54736 58992 63416 67895 72364 76565 80106 82711 84220 84570 83788 81974 79289 75941 72172 68245 64432 60997 58188 56219 55259 55419 56739 59173 62578 66698 71155 75476 79255 82204 84149 85011 84796 83583 81511 78766 75570 72166 68810 65752 63231 61454 60595 60769 62032 64359 67640 71660 76092 80572 84941 89047 92716 95770 98051 99433 99832 99219 97620
70840 66380 61921 57536 53347 49504 46161 43457 41505 40379 40105 40658 41964 43898 46296 48962 51679 54233 56425 58104 59187 59693 59780 59706 59342 58458 56976 54936 52463 49738 46972 44382 42176 40535 39602 39473 40195 41762 44121 47173 50789 54815 59100 63502 67927 72328 76461 79936 82478 83926 84222 83392 81537 78818 75443 71655 67716 63896 60457 57646 55675 54711 54863 56170 58584 61962 66052 70475 74771 78555 81556 83609 84642 84661 83742 82018 79664 76890 73927 71014 68388 66271 64861 64316 64747 66204 68663 72018 76067 80503 84974 89287 93259 96698 99416 100000 100000 100000 100000 98231
72193 67803 63395 59023 54798 50858 47352 44417 42169 40684 40000 40102 40931 42378 44294 46499 48794 50977 52859 54294 55199 55583 55585 55440 55032 54157 52754 50869 48628 46207 43806 41628 39865 38679 38194 38491 39597 41495 44117 47358 51084 55146 59394 63703 67996 72250 76237 79569 81974 83296 83478 82548 80610 77825 74402 70582 66624 62796 59357 56549 54580 53612 53751 55031 57404 60728 64750 69100 73333 77086 80109 82250 83443 83697 83086 81734 79808 77504 75037 72629 70499 68854 67872 67701 68438 70127 72744 76190 80275 84715 89176 93431 97265 100000 100000 100000 100000 100000 100000 98608
74262 69991 65684 61379 57171 53186 49563 46436 43917 42086 40988 40620 40935 41842 43212 44884 46678 48409 49903 51022 51682 51888 51755 51492 50999 50104 48763 47034 45041 42951 40950 39225 37946 37254 37251 37994 39495 41716 44579 47972 51756 55783 59916 64044 68109 72120 75866 78964 81148 82265 82265 81180 79115 76234 72743 68883 64908 61082 57656 54866 52910 51945 52068 53311 55620 58854 62766 66995 71117 74796 77802 79999 81330 81809 81507 80543 79072 77276 75354 73507 71936 70824 70333 70591 71683 73644 76448 79999 84127 88574 93024 97219 100000 100000 100000 100000 100000 100000 100000 98681
76966 72866 68717 64540 60413 56449 52773 49510 46766 44624 43129 42291 42076 42411 43187 44265 45490 46695 47727 48458 48810 48777 48456 48023 47400 46451 45155 43578 41842 40105 38535 37297 36536 36368 36869 38072 39964 42494 45566 49062 52839 56757 60686 64535 68272 71936 75339 78105 79977 80810 80560 79266 77037 74035 70468 66571 62594 58789 55402 52654 50734 49786 49899 51095 53318 56427 60183 64240 68200 71754 74697 76908 78344 79022 79015 78435 77428 76160 74812 73565 72595 72065 72113 72845 74333 76598 79612 83284 87461 91914 96354 100000 100000 100000 100000 100000 100000 100000 100000 98403
80144 76269 72334 68350 64377 60510 56858 53533 50633 48235 46388 45107 44372 44127 44285 44732 45337 45960 46467 46748 46730 46403 45840 45187 44388 43350 42077 40643 39168 37796 36676 35947 35727 36101 37115 38776 41048 43858 47098 50640 54343 58069 61703 65176 68482 71698 74656 76995 78468 78943 78384 76836 74413 71279 67638 63721 59767 56019 52707 50039 48186 47279 47392 48538 50656 53607 57161 60995 64741 68118 70946 73122 74616 75454 75708 75487 74928 74182 73411 72775 72426 72501 73114 74349 76258 78849 82089 85892 90122 94582 99012 100000 100000 100000 100000 100000 100000 100000 100000 97747
83586 79984 76321 72594 68849 65162 61623 58325 55355 52781 50650 48981 47765 46962 46507 46312 46272 46276 46216 45997 45559 44888 44035 43114 42097 40936 39661 38357 37138 36133 35469 35257 35583 36499 38021 40125 42751 45803 49162 52690 56246 59700 62953 65956 68738 71408 73829 75654 76652 76704 75786 73953 71321 68056 64359 60450 56560 52915 49727 47184 45440 44605 44736 45835 47834 50597 53908 57473 60955 64105 66764 68850 70346 71288 71751 71841 71688 71429 71209 71165 71426 72101 73281 75024 77361 80287 83760 87698 91983 96451 100000 100000 100000 100000 100000 100000 100000 100000 100000 96710
87056 83770 80427 77020 73577 70155 66823 63653 60714 58063 55739 53762 52131 50821 49788 48969 48288 47663 47011 46262 45367 44311 43128 41898 40625 39309 38007 36813 35837 35191 34976 35273 36134 37578 39585 42103 45044 48292 51714 55165 58504 61611 64404 66858 69032 71075 72879 74117 74577 74158 72848 70711 67870 64490 60766 56908 53132 49646 46640 44278 42691 41964 42138 43197 45070 47622 50656 53910 57087 59962 62399 64337 65771 66749 67352 67685 67871 68037 68310 68809 69638 70881 72601 74834 77588 80841 84544 88617 92956 97433 100000 100000 100000 100000 100000 100000 100000 100000 100000 95310
90316 87379 84398 81364 78293 75220 72190 69253 66456 63839 61431 59249 57295 55557 54009 52613 51320 50079 48836 47545 46170 44701 43156 41586 40026 38527 37174 36069 35315 35007 35220 36003 37373 39312 41768 44657 47865 51257 54684 57996 61055 63750 66016 67854 69357 70708 71833 72429 72307 71384 69666 67225 64189 60722 57013 53258 49656 46392 43631 41511 40132 39557 39802 40836 42581 44907 47638 50548 53385 55946 58113 59843 61148 62086 62746 63235 63672 64176 64859 65823 67149 68899 71109 73791 76931 80490 84409 88610 93002 97486 100000 100000 100000 100000 100000 100000 100000 100000 99670 93584
93140 90576 87990 85373 82733 80085 77451 74851 72310 69846 67474 65204 63038 60972 58996 57095 55246 53428 51615 49788 47930 46033 44106 42173 40305 38601 37174 36134 35576 35577 36184 37416 39252 41642 44498 47705 51126 54604 57979 61096 63819 66049 67739 68916 69702 70319 70724 70644 69915 68476 66350 63619 60416 56904 53259 49667 46303 43329 40879 39061 37946 37567 37915 38943 40565 42658 45068 47614 50088 52302 54157 55624 56731 57550 58175 58721 59305 60040 61028 62356 64086 66257 68884 71954 75432 79263 83377 87693 92132 96623 100000 100000 100000 100000 100000 100000 100000 100000 97775 91588
95338 93159 90984 88817 86657 84500 82342 80177 78002 75810 73599 71366 69111 66833 64535 62220 59893 57557 55218 52881 50549 48225 45906 43601 41413 39490 37970 36968 36575 36848 37807 39438 41689 44472 47669 51136 54709 58217 61488 64362 66707 68435 69519 70008 70056 69918 69586 68818 67480 65532 63015 60025 56695 53185 49663 46296 43236 40617 38543 37088 36289 36148 36633 37677 39188 41049 43132 45305 47402 49249 50757 51913 52759 53377 53875 54372 54989 55836 57009 58583 60604 63095 66047 69429 73184 77241 81519 85934 90414 94911 99304 100000 100000 100000 100000 100000 100000 100000 95548 89390
96758 94962 93206 91507 89859 88243 86629 84983 83272 81465 79535 77465 75247 72882 70379 67758 65044 62268 59463 56658 53880 51140 48436 45760 43251 41101 39472 38486 38224 38726 39987 41961 44564 47677 51151 54815 58483 61968 65088 67682 69621 70830 71297 71096 70409 69520 68457 67013 65082 62652 59779 56569 53161 49709 46369 43289 40596 38394 36754 35715 35280 35419 36072 37157 38572 40211 41972 43773 45494 46964 48104 48909 49436 49780 50060 50404 50937 51773 53004 54696 56887 59582 62757 66363 70324 74555 78960 83454 87968 92470 96860 100000 100000 100000 100000 100000 100000 98159 93084 87075
97299 95873 94527 93298 92179 91135 90114 89053 87889 86562 85022 83234 81176 78847 76260 73447 70450 67324 64126 60911 57726 54598 51525 48492 45671 43296 41548 40556 40391 41077 42585 44842 47732 51108 54793 58592 62301 65717 68652 70941 72464 73153 73015 72145 70748 69137 67374 65286 62801 59931 56749 53372 49942 46604 43504 40768 38497 36765 35608 35030 34998 35451 36303 37452 38793 40227 41681 43126 44481 45578 46338 46767 46930 46936 46916 47009 47348 48052 49213 50896 53130 55911 59203 62939 67031 71377 75872 80422 84960 89466 93854 97707 100000 100000 100000 100000 99156 95379 90491 84731
96913 95832 94876 94103 93510 93049 92647 92214 91656 90885 89825 88420 86634 84457 81905 79014 75843 72463 68955 65398 61858 58379 54965 51601 48488 45897 44027 43009 42910 43736 45437 47913 51025 54598 58431 62309 66011 69323 72049 74027 75139 75329 74618 73120 71063 68782 66370 63693 60709 57456 54024 50540 47143 43977 41169 38825 37022 35800 35163 35077 35478 36271 37346 38584 39873 41126 42299 43412 44425 45164 45548 45587 45356 44975 44588 44346 44392 44854 45828 47380 49537 52289 55591 59366 63512 67915 72459 77043 81597 86105 90493 94345 97278 99025 99430 98442 96098 92518 87888 82453
95608 94836 94237 93891 93802 93913 94132 94343 94424 94259 93745 92803 91381 89459 87048 84188 80947 77412 73682 69856 66022 62240 58523 54862 51487 48697 46707 45652 45591 46515 48356 50994 54265 57974 61898 65807 69465 72649 75159 76833 77558 77288 76056 73994 71345 68464 65475 62280 58870 55303 51687 48156 44851 41906 39434 37522 36217 35531 35434 35860 36709 37859 39174 40522 41785 42887 43812 44628 45333 45742 45766 45417 44778 43979 43176 42533 42207 42333 43019 44333 46306 48924 52139 55866 59994 64398 68953 73547 78108 82617 87006 90864 93816 95606 96090 95227 93063 89723 85397 80330
93441 92935 92648 92687 93063 93713 94530 95375 96099 96560 96629 96204 95215 93628 91448 88715 85502 81906 78041 74024 69961 65930 61958 58043 54442 51478 49378 48277 48230 49216 51152 53898 57275 61066 65036 68938 72527 75574 77875 79269 79647 78973 77289 74741 71585 68193 64714 61087 57331 53527 49798 46283 43123 40442 38340 36882 36092 35951 36399 37338 38638 40150 41717 43191 44454 45438 46155 46719 47158 47273 46966 46247 45203 43974 42728 41642 40887 40609 40926 41917 43615 46011 49055 52658 56703 61059 65589 70175 74733 79242 83633 87500 90480 92326 92906 92187 90223 87142 83136 78448
90517 90226 90199 90569 91355 92493 93862 95303 96647 97725 98384 98500 97984 96790 94910 92382 89280 85708 81791 77659 73435 69214 65038 60918 57133 54025 51829 50682 50633 51653 53644 56456 59892 63725 67705 71577 75087 78001 80114 81265 81352 80341 78288 75344 71780 67974 64103 60138 56125 52166 48394 44954 41984 39601 37890 36896 36620 37017 37998 39437 41177 43045 44866 46480 47766 48669 49222 49582 49804 49670 49072 48014 46587 44937 43243 41696 40479 39753 39649 40254 41611 43718 46524 49942 53853 58119 62595 67154 71703 76211 80603 84482 87492 89399 90079 89505 87738 84908 81207 76874
86973 86845 87022 87660 88791 90349 92204 94184 96098 97755 98983 99637 99608 98836 97302 95038 92114 88638 84740 80564 76245 71893 67566 63293 59370 56151 53879 52690 52630 53662 55681 58525 61988 65833 69803 73633 77066 79864 81823 82781 82640 81373 79038 75797 71925 67811 63650 59445 55266 51230 47482 44169 41427 39364 38052 37517 37740 38652 40139 42051 44208 46417 48486 50248 51580 52436 52872 53080 53136 52805 51963 50608 48833 46789 44664 42662 40978 39788 39235 39420 40395 42166 44690 47880 51618 55761 60160 64679 69213 73719 78113 82003 85043 87006 87776 87333 85738 83127 79688 75656
82969 82952 83275 84117 85521 87424 89689 92132 94547 96727 98479 99641 100000 99744 98578 96613 93916 90591 86775 82616 78260 73832 69408 65032 61015 57721 55395 54173 54099 55131 57158 60013 63483 67325 71274 75065 78435 81146 82991 83813 83513 82069 79543 76101 72023 67701 63350 59000 54740 50701 47036 43894 41408 39676 38759 38667 39361 40754 42710 45058 47600 50126 52432 54344 55741 56583 56946 57053 56995 56518 55483 53882 51804 49407 46886 44454 42320 40674 39671 39426 40002 41416 43631 46567 50107 54107 58414 62883 67398 71902 76297 80196 83260 85268 86109 85767 84306 81860 78619 74814
78669 78716 79132 80118 81726 83897 86491 89317 92157 94790 97009 98635 99529 99598 98802 97153 94711 91577 87887 83794 79452 74997 70520 66087 62018 58680 56321 55079 54993 56021 58048 60903 64371 68203 72135 75897 79226 81881 83659 84399 84008 82461 79827 76271 72077 67640 63189 58776 54508 50530 46996 44059 41845 40446 39911 40237 41369 43202 45584 48327 51217 54033 56562 58624 60098 60955 61285 61335 61210 60635 59457 57659 55330 52628 49755 46933 44383 42306 40871 40206 40388 41441 43341 46013 49343 53190 57395 61808 66302 70803 75199 79104 82184 84221 85107 84829 83453 81111 77993 74327
74219 74294 74762 75842 77597 79971 82825 85962 89156 92178 94805 96847 98150 98610 98173 96842 94667 91746 88211 84217 79925 75479 70987 66531 62441 59086 56714 55462 55370 56395 58420 61273 64737 68564 72486 76234 79544 82177 83925 84633 84203 82616 79938 76338 72099 67617 63133 58722 54504 50630 47263 44551 42618 41548 41380 42098 43635 45870 48638 51737 54943 58024 60759 62968 64530 65422 65749 65778 65621 64987 63706 61757 59221 56259 53078 49908 46980 44505 42666 41603 41405 42109 43698 46107 49227 52917 57018 61373 65844 70342 74738 78646 81733 83783 84689 84439 83099 80802 77737 74131
69725 69806 70303 71448 73316 75855 78926 82330 85835 89202 92199 94623 96309 97140 97051 96033 94128 91429 88063 84185 79960 75543 71055 66596 62503 59145 56772 55518 55426 56450 58475 61327 64791 68616 72537 76282 79590 82218 83963 84665 84231 82638 79954 76348 72102 67614 63137 58762 54623 50880 47696 45219 43570 42824 43011 44104 46022 48635 51764 55197 58697 62026 64958 67310 68964 69904 70245 70272 70103 69431 68073 65997 63283 60091 56632 53142 49862 47015 44794 43351 42788 43153 44440 46591 49503 53038 57035 61331 65780 70274 74671 78579 81666 83718 84628 84382 83048 80758 77700 74103
65232 65313 65828 67028 68995 71683 74955 78609 82409 86106 89460 92257 94319 95518 95777 95076 93449 90980 87793 84044 79901 75525 71053 66603 62519 59170 56805 55560 55475 56505 58536 61393 64860 68688 72611 76358 79667 82296 84041 84745 84312 82721 80040 76437 72196 67713 63253 58925 54875 51268 48272 46033 44665 44239 44773 46231 48520 51497 54972 58721 62501 66064 69181 71666 73405 74387 74739 74763 74582 73871 72435 70233 67341 63920 60184 56376 52746 49527 46924 45101 44173 44198 45181 47071 49772 53147 57036 61270 65691 70178 74570 78474 81557 83605 84511 84262 82925 80634 77576 73980
60794 60851 61359 62580 64607 67401 70827 74685 78735 82724 86405 89554 91983 93551 94171 93810 92493 90293 87331 83756 79740 75452 71041 66644 62612 59315 56998 55799 55756 56823 58885 61768 65254 69097 73029 76781 80093 82724 84472 85180 84754 83175 80511 76930 72713 68257 63836 59576 55632 52177 49377 47378 46287 46166 47025 48815 51434 54727 58496 62507 66510 70253 73504 76078 77863 78857 79195 79194 78978 78208 76674 74326 71239 67571 63543 59403 55409 51805 48807 46592 45285 44957 45621 47235 49707 52905 56666 60817 65189 69646 74012 77890 80948 82972 83858 83593 82244 79946 76886 73293
56522 56516 56971 58157 60177 63001 66500 70479 74701 78912 82862 86321 89094 91028 92025 92039 91081 89213 86545 83222 79411 75287 71011 66741 62834 59659 57459 56367 56420 57571 59702 62640 66166 70035 73983 77742 81054 83684 85432 86146 85735 84182 81557 78026 73869 69477 65131 60973 57167 53888 51301 49546 48722 48882 50024 52093 54974 58504 62478 66658 70791 74622 77922 80509 82277 83229 83512 83447 83161 82296 80633 78112 74805 70872 66534 62048 57679 53680 50279 47662 45966 45272 45602 46922 49144 52139 55744 59778 64067 68457 72759 76575 79572 81541 82378 82073 80694 78379 75316 71733
52565 52449 52793 53872 55798 58551 62015 66004 70292 74628 78767 82476 85554 87842 89227 89652 89109 87647 85359 82380 78870 75006 70959 66909 63219 60254 58252 57341 57555 58842 61084 64105 67689 71592 75553 79311 82612 85229 86969 87685 87294 85782 83221 79776 75722 71440 67216 63204 59575 56504 54149 52642 52073 52483 53861 56138 59195 62862 66931 71163 75306 79110 82352 84858 86528 87373 87546 87371 86968 85968 84139 81416 77867 73652 68998 64163 59420 55032 51234 48221 46141 45081 45073 46088 48044 50811 54227 58107 62268 66546 70738 74445 77338 79211 79962 79587 78159 75815 72745 69177
49089 48809 48977 49867 51599 54167 57471 61342 65568 69914 74141 78021 81353 83969 85746 86611 86538 85556 83738 81202 78097 74597 70883 67155 63783 61123 59406 58755 59194 60669 63058 66185 69835 73769 77731 81468 84736 87318 89031 89740 89368 87909 85437 82117 78213 74093 70041 66225 62816 59986 57885 56633 56305 56932 58488 60899 64037 67731 71772 75927 79949 83599 86666 88984 90468 91133 91136 90799 90231 89051 87020 84069 80264 75765 70800 65633 60540 55789 51623 48244 45805 44400 44067 44781 46462 48983 52180 55867 59855 63970 68001 71549 74288 76018 76646 76169 74666 72279 69199 65655
46250 45752 45677 46294 47728 49990 52999 56612 60640 64866 69068 73028 76547 79453 81614 82939 83382 82947 81683 79687 77090 74060 70783 67481 64528 62267 60922 60602 61326 63032 65595 68839 72553 76502 80439 84123 87324 89837 91495 92177 91819 90421 88063 84904 81198 77291 73464 69891 66747 64193 62368 61375 61276 62084 63765 66232 69356 72964 76854 80800 84569 87937 90708 92734 93940 94353 94127 93575 92791 91389 89125 85929 81865 77094 71844 66381 60983 55923 51444 47753 45006 43300 42674 43107 44521 46788 49745 53203 56971 60872 64690 68027 70564 72107 72569 71958 70357 67913 64821 61307
44184 43416 43036 43298 44332 46166 48747 51961 55647 59620 63676 67615 71244 74391 76915 78706 79698 79865 79230 77859 75865 73401 70660 67882 65441 63668 62770 62846 63903 65871 68623 71983 75743 79677 83552 87139 90225 92626 94193 94822 94464 93130 90904 87940 84476 80832 77277 73995 71156 68911 67383 66655 66772 67729 69481 71932 74951 78369 81991 85605 88997 91961 94324 95957 96801 96891 96380 95563 94518 92857 90336 86888 82576 77561 72070 66370 60739 55446 50736 46813 43832 41892 41028 41219 42387 44405 47108 50309 53816 57455 61011 64090 66377 67689 67949 67172 65450 62937 59828 56353
42989 41906 41163 40995 41535 42829 44856 47535 50744 54329 58119 61931 65587 68917 71769 74020 75577 76386 76435 75761 74449 72636 70516 68348 66502 65291 64904 65425 66848 69096 72037 75496 79273 83151 86912 90347 93264 95501 96931 97474 97097 95824 93742 91001 87819 84479 81240 78289 75792 73885 72671 72213 72534 73613 75389 77762 80597 83732 86983 90157 93061 95516 97372 98525 98932 98639 97793 96669 95322 93371 90580 86883 82347 77132 71465 65607 59832 54406 49568 45516 42400 40311 39283 39289 40249 42034 44480 47403 50616 53951 57202 59979 61977 63021 63044 62075 60213 57618 54491 51060
42717 41282 40131 39470 39434 40091 41450 43473 46079 49154 52561 56145 59742 63187 66325 69014 71137 72608 73379 73452 72882 71787 70357 68866 67680 67088 67259 68257 70063 72592 75708 79238 82989 86759 90348 93568 96253 98268 99513 99931 99510 98289 96359 93861 90990 87990 85100 82513 80386 78840 77955 77771 78287 79465 81228 83471 86059 88836 91635 94282 96611 98471 99741 100000 100000 99527 98307 96840 95161 92900 89834 85904 81181 75824 70057 64135 58326 52884 48038 43977 40839 38706 37602 37494 38296 39877 42075 44710 47603 50601 53513 55954 57630 58374 58135 56951 54933 52248 49101 45719
43368 41556 39961 38760 38085 38025 38626 39891 41788 44246 47167 50426 53880 57373 60744 63837 66510 68643 70152 71001 71211 70878 70186 69421 68939 69004 69759 71248 73438 76233 79495 83055 86730 90332 93684 96622 99011 100000 100000 100000 100000 100000 98548 96305 93766 91129 88612 86412 84677 83508 82962 83054 83759 85019 86745 88822 91118 93485 95773 97833 99524 100000 100000 100000 100000 99538 97915 96081 94048 91466 88131 83995 79132 73701 67922 62042 56315 50984 46261 42321 39285 37222 36142 36001 36706 38123 40091 42437 44995 47633 50181 52264 53593 54017 53497 52083 49898 47116 43947 40618
