100 100
70 84 78 62 55 67 89 100 100 99 74 55 43 47 61 69 70 70 70 70 70 69 58 45 44 58 77 93 96 84 71 69 62 47 43 54 73 97 100 100 91 68 50 42 50 64 69 73 87 97 91 73 51 27 20 39 64 83 96 93 79 70 70 70 70 70 70 70 70 70 70 70 69 61 47 43 55 74 84 75 59 56 72 95 100 100 92 70 47 24 22 43 67 89 100 100 99 74 55 43
70 83 77 59 51 63 84 100 100 76 51 33 21 25 38 46 47 55 71 86 92 91 77 56 46 55 73 86 85 69 54 51 45 37 40 55 73 96 100 100 100 83 66 60 70 84 88 89 96 96 85 68 50 33 36 61 87 100 100 96 71 56 55 59 68 78 83 83 79 69 59 55 56 50 39 39 51 69 80 73 60 58 72 93 100 100 92 70 46 22 16 33 53 73 93 95 75 51 33 21
70 83 73 50 38 49 69 83 75 49 27 14 5 8 18 24 25 41 72 100 100 100 97 67 45 44 57 70 72 62 48 40 35 36 47 62 71 83 98 100 92 78 68 71 86 98 97 91 83 72 61 53 45 45 62 89 100 100 100 100 82 64 57 56 62 72 78 78 73 63 56 57 62 60 49 39 42 54 65 68 66 64 70 83 100 100 90 70 49 32 33 47 60 68 73 65 45 27 14 5
70 82 70 44 30 40 59 70 61 39 24 17 13 14 19 22 24 40 73 100 100 100 100 72 47 39 45 58 70 70 59 46 39 47 63 72 68 64 65 68 67 62 61 74 92 99 90 75 53 37 35 41 49 64 85 100 100 100 100 100 100 82 69 57 53 57 62 62 58 53 57 68 81 85 72 51 40 44 55 69 77 75 69 69 81 91 87 70 53 50 63 77 77 70 60 46 33 24 17 13
70 82 72 49 36 47 66 76 69 53 44 42 42 42 43 44 44 54 71 88 95 95 87 71 56 49 50 62 80 86 76 59 50 60 76 80 67 51 43 46 54 55 59 77 93 92 76 55 28 16 27 46 64 82 94 96 95 98 100 100 100 92 73 55 46 49 54 55 50 46 54 72 90 100 92 69 51 50 59 77 89 83 68 58 66 81 84 70 56 62 82 95 86 69 51 43 43 44 42 42
70 83 78 61 53 65 84 94 89 74 67 67 67 67 67 67 67 68 70 71 72 72 71 70 68 67 68 77 92 95 83 64 55 65 81 82 66 48 42 50 64 67 72 87 96 89 71 48 24 20 40 64 83 95 92 79 72 74 86 98 96 80 60 45 45 57 66 67 57 45 45 59 79 95 96 83 70 67 75 90 96 86 67 55 62 78 84 70 56 61 78 86 74 55 44 47 60 67 67 67
73 87 85 74 70 84 100 100 100 97 90 88 86 84 82 83 83 77 66 55 50 50 55 65 76 82 83 91 100 97 82 64 56 65 80 81 66 51 51 66 84 89 93 100 100 86 67 47 29 32 55 79 97 100 88 67 56 58 69 80 78 64 46 37 48 70 85 86 72 47 34 41 60 80 93 92 85 83 88 99 100 89 71 59 65 80 86 73 59 61 71 72 58 41 38 54 77 86 86 86
86 96 91 81 80 94 100 100 100 100 100 100 95 81 75 78 82 76 57 36 26 26 32 46 64 76 82 89 93 88 77 67 63 67 75 76 68 61 67 85 100 100 100 100 90 67 53 43 35 40 59 77 91 95 84 67 59 60 66 71 70 63 54 50 60 79 93 98 85 54 30 31 49 72 91 93 85 79 80 91 100 97 84 74 76 86 92 86 80 83 86 79 61 45 46 68 92 98 94 97
96 99 87 73 73 89 100 100 100 100 100 100 80 57 51 60 71 72 56 34 22 21 21 27 41 57 69 77 77 71 67 71 73 71 67 66 70 75 81 92 100 100 100 100 72 46 42 46 48 51 56 63 70 77 79 77 75 74 72 69 69 73 77 76 73 76 85 96 89 63 38 37 55 79 95 92 75 61 56 68 88 100 96 87 81 83 90 96 100 100 100 98 77 61 62 80 96 94 84 90
91 88 71 56 58 74 97 100 100 100 100 82 51 29 31 48 66 76 69 52 41 40 33 25 29 44 62 71 66 58 60 74 81 73 60 59 72 83 83 80 84 100 100 91 59 40 47 62 70 67 57 55 57 65 74 82 84 83 73 63 65 78 92 93 78 64 68 84 86 69 51 51 69 93 100 96 70 51 39 46 69 89 91 85 73 67 76 91 100 100 100 100 87 70 70 82 90 81 66 71
74 69 54 44 50 67 90 100 100 100 79 57 31 20 34 58 77 91 89 75 65 64 54 40 39 54 73 80 70 56 58 75 84 74 58 57 73 85 78 63 60 75 88 79 60 51 64 82 92 86 71 65 65 67 70 73 74 72 60 48 50 66 84 87 71 57 60 78 84 71 57 58 77 100 100 100 82 60 44 42 55 71 74 68 54 47 56 74 97 100 100 100 76 61 62 77 85 74 57 59
55 51 41 39 51 69 90 100 100 84 59 40 21 23 49 77 96 100 100 92 82 81 72 61 61 75 94 98 80 59 56 73 82 72 56 55 71 80 68 47 40 54 69 70 65 66 81 99 100 100 88 82 81 75 65 57 55 54 42 29 30 45 63 68 60 53 60 78 84 71 56 57 74 100 100 100 100 82 63 50 49 55 57 51 36 28 37 55 78 100 100 80 57 43 49 69 82 74 57 55
43 38 35 45 64 83 97 100 90 64 45 34 26 35 62 89 100 100 100 88 80 83 83 82 89 100 100 100 88 57 47 59 66 58 46 45 57 64 50 28 19 29 42 51 58 67 80 95 100 97 86 81 79 68 52 42 42 44 35 20 14 22 36 43 43 46 59 78 86 75 56 50 59 79 100 100 100 100 94 76 63 58 58 51 33 20 25 43 64 80 78 60 44 37 44 62 75 72 62 57
47 37 38 56 80 95 100 92 71 51 46 48 46 50 65 85 100 100 88 66 62 72 84 96 100 100 100 100 86 54 40 45 49 45 38 38 44 47 37 22 15 21 29 38 48 57 66 73 78 75 69 66 64 52 39 36 43 53 50 34 19 17 24 27 31 41 59 79 92 86 65 47 42 47 68 95 100 100 100 100 88 75 73 65 44 27 29 46 64 71 63 49 46 49 54 60 65 69 71 69
61 46 44 61 83 93 91 75 55 48 57 70 70 62 60 72 89 88 67 47 48 64 83 97 100 100 100 96 77 56 46 47 48 47 45 45 47 47 44 39 36 38 40 44 48 52 55 57 58 57 56 55 53 43 35 40 56 72 77 66 46 37 38 34 32 41 59 79 99 100 84 58 41 28 32 57 87 100 100 100 100 87 84 77 56 40 43 61 76 74 60 51 59 71 71 62 57 66 80 84
69 51 44 54 70 76 73 58 45 48 65 81 81 66 55 63 81 81 65 50 54 73 90 95 86 78 77 75 70 66 63 63 63 63 63 63 63 63 63 62 62 62 62 63 63 63 63 63 63 63 63 63 60 49 40 46 63 83 94 89 73 63 61 51 41 43 59 79 100 100 100 77 56 32 19 32 60 81 98 100 93 79 76 70 54 44 51 69 83 78 62 55 67 82 80 64 55 65 84 94
71 52 40 43 53 57 54 44 38 47 65 81 80 65 54 62 79 83 74 66 73 92 100 95 73 58 57 60 68 75 80 81 81 81 80 80 81 81 82 82 82 82 82 81 81 80 80 80 80 80 80 80 78 63 48 49 64 83 98 100 91 84 82 68 50 46 58 78 100 100 100 96 75 47 22 21 41 62 79 84 73 59 56 51 40 37 49 68 82 77 61 54 66 81 78 63 55 65 84 99
83 66 52 46 46 44 39 35 39 52 67 76 71 55 45 51 66 72 71 74 87 100 100 91 60 43 45 51 61 72 79 83 85 83 80 80 83 89 96 100 99 95 91 86 83 82 82 82 79 77 78 82 83 75 63 59 66 79 97 100 100 100 100 85 57 42 48 65 92 100 100 100 88 57 24 14 28 48 66 70 56 37 30 24 18 23 39 56 68 64 51 45 55 67 65 55 52 65 85 100
95 86 77 67 57 47 38 38 50 65 70 67 55 41 35 41 49 52 56 67 85 100 100 82 53 41 49 56 57 57 61 71 76 70 62 61 70 85 100 100 100 93 82 71 66 67 68 66 59 54 57 66 76 84 82 75 70 71 86 100 100 100 100 87 56 38 39 49 73 100 100 100 86 56 24 15 30 50 69 74 58 33 18 8 4 14 31 44 50 48 40 37 43 49 47 43 49 65 85 100
94 93 95 91 78 61 48 50 66 78 73 58 43 35 38 44 46 42 41 52 71 89 92 74 53 51 65 71 60 46 46 60 68 59 46 44 58 81 100 100 97 79 62 49 47 53 55 52 41 32 37 52 71 93 100 91 74 62 70 94 100 100 94 70 49 41 43 47 64 89 100 92 73 45 22 22 43 64 85 95 81 53 33 17 12 22 38 45 47 46 44 43 45 45 39 36 46 65 85 100
79 82 94 99 90 71 56 59 74 84 74 55 41 41 53 60 59 49 40 44 61 80 84 70 56 59 76 82 68 50 50 66 76 65 50 48 64 89 100 100 91 69 50 40 45 57 61 57 44 34 40 58 79 100 100 99 75 58 59 78 92 87 68 50 45 52 60 61 72 89 94 82 63 38 20 28 52 74 97 100 100 80 58 40 33 42 56 60 60 60 60 60 60 58 46 39 47 65 84 98
59 64 80 93 89 72 56 60 76 85 75 56 46 53 70 79 78 64 48 46 60 78 82 69 55 58 76 85 77 66 68 85 94 84 69 68 84 100 100 100 90 68 50 45 56 73 79 75 62 52 58 75 96 100 100 100 75 57 54 66 74 67 48 38 46 66 80 81 89 99 97 81 62 37 20 28 52 73 98 100 100 100 78 61 54 62 76 80 80 79 79 79 79 75 60 46 49 65 83 93
44 46 60 76 80 71 61 68 84 93 85 69 64 74 89 95 91 72 50 41 51 66 68 55 43 48 66 80 85 83 86 98 100 99 91 94 100 100 100 100 78 57 43 40 55 74 83 84 76 68 70 81 95 100 100 85 63 48 43 48 54 50 38 40 63 92 100 100 100 100 91 71 51 29 16 25 46 61 82 100 100 100 100 92 87 90 95 95 92 90 88 86 84 78 64 53 55 66 78 79
44 37 39 52 65 70 72 84 98 100 97 88 88 96 100 98 87 66 43 34 40 49 46 33 25 34 53 75 93 98 95 95 94 94 100 100 100 100 100 89 59 44 34 30 39 56 69 78 83 80 73 70 71 72 69 59 48 38 32 33 40 44 45 63 94 100 100 100 100 96 79 58 38 21 18 29 42 45 52 74 100 100 100 100 100 100 100 95 87 83 82 79 71 62 56 59 66 69 69 59
57 40 27 31 51 68 82 97 100 100 96 94 100 100 100 87 71 51 37 37 42 45 37 24 21 33 52 79 100 100 91 78 68 71 86 100 100 100 93 70 51 44 37 27 26 39 55 73 90 91 75 58 46 39 39 44 45 41 33 30 38 52 66 93 100 100 100 100 88 81 71 56 37 26 32 46 51 41 31 37 62 92 100 100 100 100 100 82 69 67 71 70 58 45 48 64 76 72 59 44
68 46 24 23 44 67 86 99 98 87 81 83 93 100 95 77 58 42 40 49 58 57 47 34 33 47 67 93 100 100 85 65 50 49 63 79 82 80 74 65 60 58 53 39 32 40 58 80 100 100 86 63 44 33 37 51 58 56 46 38 44 60 81 100 100 100 93 73 65 70 76 70 52 43 54 69 70 54 32 20 33 62 84 100 100 100 94 71 56 58 70 74 62 46 51 71 83 74 55 41
70 47 24 23 44 68 86 95 87 70 62 64 78 92 91 76 57 45 50 66 77 77 66 53 52 66 86 100 100 100 85 64 46 40 48 59 62 63 67 73 77 78 73 59 50 58 76 98 100 100 100 81 62 51 55 69 77 76 62 47 47 62 82 100 100 99 73 53 50 67 87 88 71 63 74 90 90 73 47 23 22 42 63 87 100 100 91 69 56 63 82 92 80 64 65 78 85 74 55 45
79 59 37 34 54 77 95 100 86 65 55 57 67 77 76 65 52 49 63 84 94 91 82 72 73 85 100 100 100 100 94 73 52 36 34 42 46 52 67 85 99 100 100 86 72 71 83 100 100 100 100 96 82 72 73 85 93 93 82 64 56 64 78 93 94 76 54 40 42 67 94 100 89 86 100 100 100 98 69 32 13 21 38 60 85 92 78 60 50 65 94 100 100 91 87 91 88 74 56 50
93 78 60 55 70 91 100 100 99 77 67 67 64 58 51 47 46 59 81 98 99 91 83 82 87 94 97 100 100 100 100 87 62 36 28 35 45 56 74 93 100 100 100 100 93 75 72 75 83 92 97 96 93 86 81 85 93 100 100 89 75 69 71 69 62 52 45 43 50 68 87 96 95 100 100 100 100 100 84 42 14 11 21 36 55 63 57 46 42 63 98 100 100 100 100 100 92 74 57 55
96 88 72 64 74 94 100 100 100 90 82 80 64 44 34 39 52 76 99 100 91 76 70 78 89 89 79 81 97 100 100 90 63 35 28 42 58 72 80 87 96 100 100 100 100 76 58 46 39 46 65 81 90 87 75 70 79 95 100 100 93 75 62 45 33 37 49 61 68 69 71 77 88 100 100 100 100 100 79 48 28 26 30 36 44 49 47 43 44 61 89 100 100 100 100 100 94 74 57 58
83 78 64 55 63 81 100 100 100 89 81 78 61 41 37 49 70 97 100 100 81 62 58 70 84 81 64 60 75 93 95 77 51 28 29 50 71 83 80 71 71 86 100 100 100 83 59 38 19 21 44 68 84 82 67 57 66 86 100 100 100 78 58 33 21 33 57 76 82 71 58 61 78 100 100 100 100 80 60 46 45 52 54 55 56 56 56 56 57 64 75 83 85 87 97 100 93 74 57 58
64 59 45 37 44 62 80 91 85 71 64 62 51 44 50 68 89 100 100 100 79 60 56 69 83 80 62 55 64 77 75 58 34 17 25 51 73 84 74 56 50 65 89 100 100 99 76 54 29 24 43 66 83 81 65 55 64 85 100 100 100 78 57 32 19 33 58 78 83 71 57 59 77 100 100 100 81 59 43 41 55 71 75 75 75 75 75 75 75 72 68 65 64 67 82 94 91 74 57 58
47 41 30 26 36 53 69 77 67 49 40 37 33 39 57 78 96 100 100 94 69 54 55 72 88 87 71 60 58 58 50 34 13 2 15 43 65 77 70 53 45 56 76 100 100 100 93 74 49 39 53 74 91 90 76 65 72 91 100 100 96 70 49 25 14 28 52 69 76 69 59 61 75 91 95 79 53 35 25 33 56 78 84 86 88 89 90 92 92 83 67 53 47 49 67 85 88 74 57 55
43 34 28 33 49 64 74 76 61 38 22 15 13 26 50 70 81 87 79 62 50 46 56 79 97 98 87 74 58 43 29 17 2 0 4 29 51 69 77 72 65 65 72 84 95 99 96 89 72 62 70 88 100 100 98 86 88 100 100 100 83 56 35 14 7 21 40 53 63 68 68 68 71 70 58 40 25 20 18 27 46 65 75 81 84 86 89 96 100 99 80 57 44 40 55 77 86 74 55 46
54 40 37 50 69 80 85 86 73 50 30 16 10 21 42 56 60 55 43 35 38 49 67 88 99 99 94 84 65 44 31 25 15 4 8 26 46 70 94 100 92 80 68 58 60 73 85 91 85 76 78 93 100 100 100 99 95 100 100 99 76 51 31 14 12 25 39 45 58 74 81 76 66 48 26 15 19 29 36 36 38 46 60 71 73 70 73 85 100 100 100 76 55 45 54 74 84 74 54 35
67 50 44 57 75 82 85 91 90 76 56 37 26 31 47 56 56 45 32 32 45 64 83 94 92 86 85 80 70 59 52 51 43 29 26 38 57 83 100 100 100 81 59 36 32 50 71 85 84 73 69 82 100 100 100 92 85 87 93 95 82 62 43 28 28 42 53 55 67 85 91 81 63 37 16 16 36 55 65 58 45 43 59 72 69 59 58 72 94 100 100 92 69 54 58 75 84 74 53 29
70 51 41 47 61 66 70 85 97 94 78 58 46 50 64 73 71 60 47 48 64 83 97 95 79 67 66 67 69 72 73 73 65 51 46 57 76 100 100 100 88 65 42 21 22 45 68 83 78 61 52 63 82 93 88 74 66 68 81 96 96 81 62 47 48 62 72 74 83 95 96 82 62 38 22 31 56 77 88 78 62 60 75 87 79 62 56 69 92 100 100 96 72 56 59 75 84 74 53 28
76 58 44 42 47 49 52 73 99 100 100 85 72 70 78 84 83 72 61 62 76 93 100 89 63 45 42 48 66 86 97 96 88 74 68 78 93 100 100 95 64 41 21 9 20 50 75 89 83 61 45 52 68 77 72 58 49 50 67 90 100 91 74 63 67 81 91 90 94 99 94 80 64 44 33 44 69 88 97 87 72 71 86 98 86 65 56 69 92 100 100 100 78 63 65 79 88 80 62 40
90 77 65 56 50 43 40 57 88 100 100 100 100 87 78 76 75 67 59 60 70 82 87 74 48 27 19 29 63 100 100 100 100 93 89 92 98 100 90 65 37 21 9 7 29 63 89 100 100 86 66 62 68 71 67 55 45 39 49 69 83 81 69 68 80 95 100 93 87 81 77 73 67 58 50 53 66 79 83 72 59 61 78 90 81 63 56 69 92 100 100 100 92 81 78 84 92 92 85 73
97 92 89 81 68 54 41 42 63 94 100 100 100 93 70 60 59 56 53 53 57 63 69 68 53 34 20 26 63 100 100 100 99 94 94 93 86 75 59 42 31 24 19 21 41 71 96 100 100 100 96 81 73 72 72 68 56 43 39 47 59 62 58 66 85 97 94 80 62 50 52 63 72 76 70 61 57 61 59 46 37 44 62 75 70 58 55 69 91 100 100 100 97 91 82 79 85 95 100 100
87 89 97 98 86 68 48 31 36 62 87 100 100 91 68 56 56 55 55 55 55 57 66 77 74 59 41 40 65 94 100 86 75 78 87 85 70 52 41 41 47 48 45 40 46 65 86 100 100 100 100 86 71 70 78 82 71 53 39 39 49 56 56 69 88 94 83 64 40 25 34 57 76 89 87 71 57 56 50 35 29 39 58 71 68 56 55 69 89 100 100 92 87 83 71 62 67 83 100 100
68 73 87 96 90 72 50 25 20 39 64 83 96 93 79 71 71 71 71 71 71 71 82 95 96 82 63 56 67 81 80 63 54 64 80 82 66 49 43 53 67 71 65 51 42 49 67 90 100 100 96 72 56 58 73 84 75 56 43 47 61 70 72 83 95 95 80 60 35 20 30 56 76 93 96 85 73 71 63 49 44 54 73 85 78 61 55 69 88 96 89 74 68 65 52 41 46 64 83 95
50 57 76 91 89 72 49 20 8 20 41 60 78 87 86 84 85 85 85 85 84 85 94 100 100 94 77 65 65 67 61 45 40 57 80 86 71 56 56 72 89 94 87 65 44 41 54 74 96 100 82 59 43 48 69 86 80 62 53 61 81 93 95 100 100 96 79 61 38 22 30 52 71 89 97 93 85 84 77 64 60 72 91 100 92 72 62 74 91 94 81 62 55 52 37 25 29 45 65 78
42 54 78 94 90 72 49 19 1 5 20 34 49 62 70 75 82 86 85 81 78 78 85 94 95 85 72 60 53 50 47 40 44 66 90 97 86 77 80 96 100 100 100 92 69 58 61 71 89 96 85 65 49 52 74 93 92 80 72 79 98 100 100 100 100 90 74 66 51 35 32 42 55 69 80 82 78 78 72 63 65 79 99 100 100 91 81 89 100 99 84 67 61 57 40 23 22 38 57 73
50 68 93 100 92 72 50 25 11 13 21 27 30 35 44 57 70 79 78 69 62 62 65 69 70 65 59 49 40 39 45 52 66 86 100 100 96 92 95 100 100 100 100 100 100 87 78 75 85 97 96 81 64 60 75 94 98 92 83 82 94 100 100 100 100 76 67 72 71 58 44 39 44 52 59 62 62 61 57 50 54 71 91 100 100 100 95 97 100 100 91 81 78 73 54 34 31 46 65 83
64 86 100 100 95 72 52 35 31 39 45 44 35 28 33 49 67 79 78 65 56 55 56 57 57 56 54 46 37 39 52 70 87 99 98 91 89 88 89 91 93 94 98 100 100 100 85 72 78 93 99 87 69 59 66 82 89 86 75 66 70 86 100 100 83 62 62 77 87 81 64 51 51 52 54 55 55 55 50 41 42 57 77 95 100 100 91 89 90 89 87 85 84 80 62 45 44 60 79 95
69 92 100 100 95 72 53 42 47 61 68 66 53 42 45 61 81 94 93 79 69 68 68 68 68 68 68 59 45 43 56 75 92 97 86 73 71 71 71 71 71 71 76 90 98 90 72 57 61 77 85 74 55 44 48 63 71 69 57 45 47 63 81 84 70 56 60 79 94 95 82 70 68 68 68 68 68 68 61 47 42 53 72 90 97 89 75 71 71 71 71 71 71 67 54 43 48 65 84 96
66 88 100 100 91 68 50 44 55 74 83 82 71 60 63 77 94 100 100 92 83 84 86 88 90 91 90 79 60 50 58 75 88 86 69 52 48 48 50 53 55 56 61 75 83 75 57 41 43 57 65 55 38 28 34 48 56 54 41 27 26 41 58 65 61 56 64 82 98 100 93 84 84 84 85 86 86 87 80 62 50 55 72 87 89 75 58 52 51 52 54 55 56 53 43 36 44 61 79 89
52 74 92 92 72 54 40 35 46 65 78 82 80 74 72 76 84 87 83 77 77 82 92 100 100 100 100 100 84 67 65 72 77 69 50 32 24 22 30 45 57 60 65 79 87 79 61 43 35 40 47 44 36 35 43 54 60 58 42 22 12 19 33 45 56 67 80 93 100 95 83 77 81 85 88 89 93 98 97 85 70 64 70 78 78 66 51 42 38 40 48 57 60 57 46 36 37 49 63 73
42 62 76 72 55 43 35 27 30 45 60 73 84 85 75 65 59 48 40 45 57 70 88 100 100 100 100 100 100 87 74 68 63 57 46 32 19 13 24 49 71 76 81 95 100 95 77 56 36 30 39 48 54 63 71 75 76 74 59 36 20 19 26 40 60 79 92 99 94 75 58 56 67 76 77 77 82 93 100 100 93 77 69 66 68 67 60 49 38 39 54 70 76 73 61 45 38 41 49 63
48 67 77 71 56 49 44 33 26 34 51 70 92 98 82 61 43 21 11 24 46 65 85 99 100 98 97 100 100 97 81 65 55 57 60 55 39 26 32 56 79 84 89 100 100 100 85 63 36 27 41 60 77 91 94 89 84 83 74 59 46 41 43 52 67 82 89 91 78 54 39 44 61 71 67 60 64 80 100 100 100 87 68 57 63 75 77 63 47 44 59 77 84 82 73 60 50 48 52 68
66 85 93 86 72 66 63 49 39 44 61 83 100 100 98 73 52 27 16 31 56 76 92 95 84 74 73 82 95 97 83 64 55 64 78 79 63 46 41 53 69 73 78 92 100 92 74 51 27 23 42 66 85 97 94 81 73 73 71 69 67 66 66 67 70 72 73 72 62 46 41 54 73 81 71 57 57 74 98 100 100 89 67 55 62 78 84 70 51 43 52 67 73 73 71 69 67 66 68 82
85 100 100 100 88 82 79 66 55 60 78 99 100 100 100 92 72 48 37 50 73 92 100 93 73 58 57 68 86 94 85 67 59 72 91 94 79 60 47 48 55 57 61 73 80 72 55 35 15 16 39 63 82 90 82 65 57 57 63 73 82 85 84 79 69 59 55 53 48 46 56 75 94 99 83 61 58 74 98 100 100 88 67 56 64 80 84 70 50 37 37 47 51 53 61 73 83 85 86 96
96 100 100 100 88 81 77 64 54 59 76 97 100 100 100 100 89 73 63 65 76 86 90 83 69 59 59 69 88 99 95 81 74 80 90 91 78 64 57 58 61 58 55 56 57 52 43 31 19 19 34 51 66 75 73 64 58 60 70 86 97 98 93 84 69 55 45 40 39 51 76 100 100 100 91 64 58 74 95 100 100 81 68 65 76 87 86 70 49 29 21 24 27 30 49 76 95 97 94 99
92 100 100 94 73 65 62 48 38 43 60 80 95 98 93 91 94 94 87 76 67 63 62 65 70 74 74 81 93 100 100 94 87 82 77 71 64 61 70 81 82 73 60 45 39 42 47 49 44 37 36 41 50 61 70 74 74 75 86 99 100 96 85 76 69 63 53 42 39 55 86 100 100 100 85 60 57 74 90 92 81 70 70 79 95 100 89 70 48 27 17 18 20 25 49 80 98 94 84 83
77 95 98 83 62 55 52 38 28 33 50 68 75 70 65 72 88 100 100 86 63 47 40 49 69 83 84 86 90 93 93 91 87 77 65 57 55 61 81 98 98 83 61 37 30 43 61 74 77 66 51 47 50 59 71 81 84 86 95 100 100 85 68 63 70 76 70 54 44 54 78 97 100 90 67 51 56 74 86 80 65 60 71 91 100 100 91 70 49 33 29 35 39 43 64 87 93 82 65 59
70 88 95 86 70 64 61 47 37 42 59 76 77 64 55 63 83 100 100 100 74 54 41 44 61 74 75 75 75 75 75 75 74 71 67 64 64 71 89 99 92 74 50 27 25 45 68 87 95 86 71 64 64 67 71 74 75 77 88 98 94 78 59 56 70 83 79 60 46 46 61 74 75 66 50 44 55 74 84 75 59 56 72 95 100 100 92 70 51 40 46 58 64 67 82 94 91 74 55 44
71 90 100 98 87 83 80 67 56 61 78 95 92 73 58 65 85 100 100 100 92 73 54 44 47 53 54 55 56 57 58 58 61 69 78 84 85 89 95 91 75 55 32 14 18 43 67 86 99 97 87 81 80 74 65 57 54 56 71 87 89 76 58 55 70 83 79 60 43 37 45 55 56 49 39 39 53 72 82 73 58 56 72 95 100 100 92 70 53 48 60 78 85 88 97 100 91 72 53 39
83 98 100 100 95 95 96 85 73 75 91 100 100 85 70 77 97 100 100 100 100 89 68 43 29 27 31 38 47 54 57 57 63 78 97 100 100 100 100 89 64 42 21 5 11 34 55 71 88 94 89 83 77 63 46 33 29 31 46 64 71 62 48 50 68 83 79 60 39 26 30 40 44 43 36 35 44 59 67 61 52 55 72 93 100 100 85 70 60 62 79 99 100 100 100 100 80 59 44 35
96 100 97 88 85 92 99 91 78 75 89 100 100 91 81 89 100 100 100 100 93 93 78 46 20 15 24 40 58 69 72 72 77 91 100 100 100 100 100 94 67 45 24 9 13 30 43 54 72 83 80 69 57 41 27 20 20 21 31 45 51 47 40 49 71 85 79 60 36 19 23 38 50 55 49 40 38 45 48 44 43 53 72 89 95 85 72 69 72 77 89 100 100 100 100 96 64 46 38 38
93 91 77 63 63 77 90 86 71 63 75 92 94 84 77 87 100 100 91 74 73 86 81 55 30 27 43 63 80 86 84 84 86 92 98 100 100 100 100 99 79 59 39 25 27 39 45 52 67 78 74 58 41 27 24 31 36 36 40 45 47 47 45 59 80 89 79 60 35 18 26 48 66 77 74 58 46 46 44 37 38 52 72 86 82 68 60 69 81 84 83 87 100 100 100 90 60 46 45 51
78 73 57 46 50 68 83 80 64 55 65 82 83 71 62 71 88 89 72 57 62 79 82 66 49 51 69 87 94 88 79 77 77 77 78 78 78 84 96 99 87 68 49 39 45 57 61 65 79 89 83 65 46 35 39 53 61 61 61 61 62 61 63 75 91 93 80 60 35 20 30 55 76 91 92 78 64 61 55 43 40 53 72 84 77 61 56 69 84 81 68 63 76 94 100 89 70 62 62 65
58 54 43 39 50 68 84 81 65 55 65 81 79 60 46 53 70 74 63 55 62 80 86 77 67 72 90 100 97 76 60 57 57 58 59 59 59 67 84 94 87 68 51 46 58 74 80 83 97 100 100 85 67 55 59 73 81 81 81 81 82 82 83 92 100 97 80 60 34 19 29 54 75 93 100 94 84 82 74 56 47 55 73 85 77 61 55 69 83 75 55 44 56 76 91 93 86 81 80 76
44 39 35 43 61 80 93 90 74 62 67 77 74 60 48 52 63 65 60 60 73 92 100 100 98 100 100 100 95 61 37 31 30 37 47 55 56 64 82 93 86 68 52 50 64 80 83 84 99 100 100 100 94 79 77 86 94 97 100 100 100 100 100 100 100 100 80 60 33 14 21 44 64 88 100 100 100 100 95 75 63 68 84 92 80 61 55 69 82 71 46 31 42 62 82 92 94 94 97 91
45 36 37 54 78 94 100 100 90 76 70 69 69 70 70 70 69 61 57 66 85 100 100 100 100 100 100 100 86 54 28 17 13 26 50 67 70 76 91 97 87 68 53 52 64 74 70 64 78 100 100 100 100 92 80 82 91 100 100 100 100 100 100 100 100 100 81 60 31 8 10 31 51 81 100 100 100 100 100 86 79 86 96 97 79 59 55 69 82 71 46 32 42 62 76 83 86 92 100 100
58 44 43 61 84 94 98 100 100 88 73 62 65 80 91 88 74 55 47 61 85 100 100 100 100 100 100 88 76 61 45 28 19 31 58 79 83 88 99 100 88 68 53 54 64 68 57 44 50 75 100 100 100 82 65 63 76 91 96 93 91 99 100 100 100 100 81 60 31 8 10 31 52 82 100 100 100 100 85 76 79 90 95 90 70 53 53 69 83 75 55 44 56 73 77 71 68 77 93 100
69 51 45 56 73 80 83 94 100 92 74 58 60 78 92 85 65 41 30 45 70 91 100 100 100 93 73 64 68 75 70 53 38 40 58 76 79 85 96 99 87 68 55 58 71 75 61 44 39 53 73 81 77 62 48 49 65 82 85 74 65 73 93 100 100 100 81 60 33 15 22 45 66 94 100 100 97 76 59 53 63 76 80 74 57 45 52 69 84 78 62 54 66 82 80 65 56 66 85 99
70 51 40 44 56 60 64 79 92 90 74 57 56 68 77 68 47 22 11 26 51 72 97 100 97 72 52 48 66 87 90 74 55 45 49 58 60 67 84 94 87 69 56 65 84 93 80 61 47 47 56 60 58 47 39 46 64 81 80 62 48 54 73 100 100 100 81 61 37 25 38 65 86 100 100 100 78 56 39 34 44 57 60 55 43 39 50 69 83 78 62 55 68 83 80 64 55 65 84 94
70 56 45 43 46 45 46 59 76 82 73 61 62 72 74 62 42 20 13 28 48 63 78 81 65 44 30 34 64 98 100 100 80 54 37 33 35 47 73 93 93 79 69 81 100 100 100 87 67 53 48 45 42 36 37 50 65 77 75 60 47 50 65 86 100 100 88 73 57 51 64 84 99 100 100 86 58 42 31 29 37 45 45 38 29 29 42 59 72 70 63 63 78 93 88 68 56 65 83 91
70 69 69 64 55 45 37 39 51 65 70 71 82 94 91 75 55 41 42 56 67 68 63 48 31 21 20 32 64 99 100 100 100 67 30 15 21 39 70 95 100 93 88 98 100 100 100 100 92 73 57 45 37 36 47 62 69 70 70 68 67 67 69 75 84 92 94 93 92 91 92 94 96 91 77 58 46 44 46 52 55 51 43 31 21 22 33 45 53 56 61 73 91 100 98 73 57 65 83 89
70 84 97 95 77 58 42 28 31 49 67 81 100 100 100 89 71 64 74 87 87 75 52 26 16 23 35 50 67 85 100 100 100 75 38 22 33 54 80 96 99 95 94 98 100 100 100 100 100 93 77 59 46 48 63 76 73 63 65 78 89 87 75 62 58 71 89 100 100 100 100 91 78 60 41 37 47 59 76 90 88 72 55 38 26 27 37 44 46 46 54 72 93 100 99 74 57 65 83 87
70 92 100 100 94 70 49 26 22 41 65 86 100 100 100 88 69 67 81 94 89 70 41 20 23 44 63 73 70 66 72 89 94 76 51 44 59 79 92 92 85 82 82 82 83 84 83 86 96 100 90 71 55 57 73 83 75 58 60 78 93 88 69 44 33 47 71 91 100 100 100 85 64 40 22 29 52 73 96 100 100 88 66 47 37 42 53 57 54 47 47 60 80 95 89 69 56 65 82 84
70 93 100 100 95 72 50 26 21 40 65 86 100 100 95 70 52 50 64 77 71 52 29 20 37 64 84 89 73 53 51 68 79 73 62 63 80 96 99 84 67 62 62 62 63 63 63 67 82 94 90 73 57 59 74 84 75 58 56 68 78 70 50 25 13 26 52 72 99 100 100 84 63 38 20 28 52 74 98 100 100 90 68 50 45 56 72 76 71 54 40 43 60 76 75 62 54 65 82 80
78 100 100 100 86 63 43 23 20 40 65 85 100 99 76 52 38 41 58 70 64 45 29 34 62 91 100 100 72 38 28 43 58 70 79 90 100 100 100 72 45 37 36 39 44 47 46 49 67 88 93 81 67 68 82 91 83 67 59 58 56 44 27 4 0 10 35 56 85 100 100 90 72 48 27 28 46 65 88 100 100 95 76 62 62 75 90 93 85 62 39 34 44 57 61 59 61 74 88 83
92 100 100 98 67 48 35 20 21 41 65 84 92 81 59 44 43 57 77 86 75 56 48 63 93 100 100 100 65 28 15 24 42 72 100 100 100 100 96 62 33 20 15 24 39 48 44 40 56 81 98 94 85 86 95 100 96 84 70 54 38 25 13 0 0 8 32 53 81 100 100 100 88 69 45 33 38 49 68 92 100 100 91 83 86 96 100 96 85 66 49 41 43 46 51 61 76 90 99 94
96 100 100 87 57 43 37 27 27 43 65 82 85 69 52 51 63 87 100 100 91 72 67 84 100 100 100 85 54 32 26 29 46 80 100 100 100 98 82 63 43 27 19 30 52 64 55 44 49 71 93 97 93 94 97 99 97 92 79 59 40 30 25 15 11 23 44 64 88 100 100 100 94 83 62 46 40 44 54 74 92 99 96 95 100 100 98 84 71 64 64 63 56 46 47 62 83 95 100 100
84 100 100 86 63 55 52 41 36 46 65 82 82 66 54 61 81 100 100 100 91 72 68 82 98 96 79 59 46 46 51 53 64 88 100 100 83 70 69 72 68 52 40 49 70 80 68 51 46 58 77 84 84 84 84 84 84 83 77 67 57 53 51 42 34 40 57 76 94 100 95 86 84 80 70 60 55 55 58 67 78 83 84 88 99 100 90 72 58 61 75 81 69 52 46 56 75 84 86 95
65 84 95 91 79 74 71 56 44 48 65 82 81 66 55 63 83 100 100 100 75 56 51 64 78 75 57 42 43 58 72 74 81 93 94 81 61 51 62 81 87 73 59 64 79 84 71 52 41 46 59 65 65 65 65 65 65 65 67 70 73 74 73 61 47 45 59 79 93 93 79 66 65 66 69 72 74 74 73 71 67 65 65 71 86 95 88 70 55 61 77 84 72 53 41 45 58 65 67 81
55 74 93 100 100 98 95 78 61 59 73 87 84 65 51 56 75 94 97 79 56 40 36 46 55 50 33 24 34 60 80 85 88 87 75 55 38 33 53 82 95 83 71 74 86 90 78 60 46 44 51 55 55 55 55 55 55 56 64 79 93 98 97 81 58 49 59 78 91 84 62 44 40 45 62 81 91 91 86 74 60 51 47 52 69 83 83 70 58 62 75 81 71 56 43 41 46 48 49 62
64 78 97 100 100 100 100 100 85 80 88 98 89 64 44 44 56 66 66 56 45 40 40 41 38 28 16 10 20 45 68 77 80 69 47 27 20 24 47 72 82 74 67 75 91 99 92 79 67 61 62 64 64 64 64 64 64 65 75 94 100 100 100 97 68 52 60 79 91 82 53 28 19 24 52 84 99 95 86 74 61 50 42 38 46 61 71 70 66 67 71 73 70 66 62 58 52 44 38 42
80 87 97 100 100 100 100 100 96 92 95 98 87 65 45 41 45 45 42 42 49 58 63 58 43 30 23 17 16 29 48 63 68 55 33 21 27 40 56 65 64 59 58 69 87 98 97 91 85 80 80 80 80 80 80 80 80 81 87 98 100 100 100 93 66 52 60 79 95 93 66 37 21 22 49 81 94 83 72 69 69 64 51 36 29 38 57 69 76 74 66 63 68 79 90 89 74 56 42 30
83 84 86 88 89 89 89 88 86 86 86 86 79 67 56 53 52 44 37 42 58 76 87 82 65 51 49 40 29 29 43 61 70 59 42 38 53 70 78 72 60 56 57 65 77 85 86 85 84 83 83 83 83 83 83 83 83 83 84 86 88 89 88 74 54 48 59 79 100 100 92 63 43 38 56 79 84 68 58 65 78 79 64 42 23 26 48 69 82 78 63 56 67 88 100 100 94 71 50 28
67 67 67 67 67 67 67 67 67 67 67 67 68 70 71 72 70 58 45 45 60 80 95 96 84 73 71 62 48 45 58 77 86 76 61 59 75 93 99 89 76 72 71 70 69 68 67 67 67 67 67 67 67 67 67 67 67 67 67 67 67 67 66 55 43 44 59 79 100 100 100 86 65 57 67 82 82 65 55 64 80 83 67 44 22 24 47 69 84 78 62 55 67 89 100 100 99 74 53 28
49 48 46 44 44 44 44 46 49 50 50 49 56 70 81 84 81 66 48 43 55 74 92 100 98 91 89 78 62 58 71 90 100 96 85 84 98 100 100 100 88 84 82 75 64 57 55 55 55 55 55 55 55 52 48 45 44 44 46 50 53 55 54 47 41 46 61 78 100 100 100 97 78 68 73 82 80 66 58 69 85 88 73 50 26 23 42 64 78 74 60 55 67 89 100 100 99 74 53 28
42 35 27 22 22 22 24 33 44 48 44 39 46 63 78 79 71 54 37 34 43 57 78 98 100 100 94 76 55 50 63 82 100 100 100 100 100 100 100 94 80 77 76 72 67 63 62 62 62 62 62 62 61 52 38 27 22 23 31 44 57 62 62 60 58 60 66 73 85 97 97 85 72 63 64 70 73 68 69 83 97 99 88 68 38 22 30 49 65 64 55 53 67 89 100 100 99 74 53 28
51 37 24 19 22 24 27 43 59 64 54 43 45 59 70 65 51 35 26 30 39 46 65 89 100 96 82 58 34 30 46 66 92 100 100 100 100 100 85 69 62 61 62 66 73 77 78 78 78 78 78 78 77 65 46 30 24 25 35 54 71 78 79 82 84 81 74 66 62 63 65 64 58 51 47 52 63 71 83 97 100 100 96 81 50 26 25 42 58 59 53 53 67 89 100 100 99 74 53 28
65 47 34 34 43 47 50 67 83 84 69 53 52 63 70 62 43 29 29 40 50 53 67 87 95 84 66 39 17 20 41 61 89 100 100 100 89 71 55 50 54 55 57 64 75 82 84 84 84 84 84 84 82 75 62 51 47 47 54 67 79 83 84 92 99 94 79 61 46 41 48 55 55 48 40 42 56 74 91 100 99 91 88 79 54 34 34 51 66 66 56 54 67 89 100 100 99 74 53 28
69 51 42 49 64 69 73 86 96 91 74 57 58 73 84 76 57 43 45 59 69 70 81 94 95 81 61 36 20 29 54 75 100 100 100 88 66 48 42 52 66 69 69 69 70 70 70 70 70 70 70 70 70 70 69 69 69 69 69 70 70 70 71 82 95 95 80 60 45 44 56 68 69 61 47 43 55 74 91 96 86 73 70 64 50 42 51 69 84 78 62 55 67 89 100 100 99 74 53 28
70 52 49 64 85 92 95 100 100 96 78 63 67 88 100 98 80 67 66 76 84 84 90 97 94 80 62 41 31 45 72 94 100 100 98 66 43 30 35 58 81 88 87 79 67 58 55 55 53 50 47 47 48 59 75 89 93 91 84 72 61 56 56 69 86 92 80 61 48 54 75 90 92 82 63 53 61 78 93 92 74 56 51 48 45 53 72 92 100 94 69 54 63 83 100 100 95 74 54 31
70 54 56 80 100 100 100 100 100 100 91 80 86 100 100 100 100 94 86 84 81 76 74 76 78 74 66 54 48 59 82 100 100 100 76 40 21 13 25 56 85 97 100 93 78 64 61 59 50 37 27 24 28 51 86 100 100 100 100 86 72 63 58 67 83 90 79 61 52 65 93 100 100 100 88 75 78 91 100 96 74 51 42 37 45 68 97 100 100 100 76 52 50 60 73 82 79 71 62 44
70 54 56 81 100 100 100 100 100 100 98 93 97 100 100 100 100 100 96 83 68 55 43 41 52 65 72 70 63 63 76 95 100 97 64 32 21 16 24 47 74 90 100 100 93 81 77 74 61 42 27 22 27 56 96 100 100 100 100 96 91 82 70 71 82 88 79 61 52 66 95 100 100 100 100 92 92 98 100 100 85 63 48 39 48 75 100 100 100 100 83 56 43 37 36 44 58 68 72 63
70 52 50 67 88 96 96 95 94 92 90 89 90 93 96 96 95 98 96 83 64 45 24 18 34 59 76 81 71 60 63 81 95 91 69 48 43 39 34 40 57 76 94 100 99 88 84 82 73 58 47 43 48 71 99 100 100 84 82 91 99 91 74 70 79 86 79 61 49 56 77 94 95 94 91 89 89 90 96 100 97 80 62 47 48 67 88 96 98 99 90 70 51 33 17 20 43 65 80 77
70 51 43 51 66 72 72 72 72 72 72 72 72 72 72 72 73 84 95 92 76 56 31 18 31 57 77 84 72 57 58 75 92 95 84 70 67 61 47 42 52 71 89 98 90 77 72 72 71 69 68 67 70 84 97 94 78 60 59 74 86 79 62 58 71 84 79 60 45 45 58 70 72 72 72 72 72 72 79 92 97 86 67 49 43 53 67 72 76 89 96 88 70 48 24 20 40 65 82 81
66 48 37 39 49 53 52 53 53 54 53 52 53 53 54 53 54 72 96 100 98 78 51 31 36 57 77 85 74 59 59 75 92 100 98 89 86 78 59 49 56 74 91 93 76 56 50 51 60 74 85 89 91 96 92 76 55 39 39 55 67 61 43 43 63 82 82 64 47 40 47 55 56 56 56 55 54 53 61 80 93 88 71 52 41 43 53 56 62 84 100 100 91 69 41 29 43 65 82 82
53 40 34 38 44 43 39 40 44 46 44 39 39 43 46 44 41 59 93 100 100 100 76 48 43 58 77 89 84 71 65 72 85 99 100 100 96 84 65 57 68 87 100 94 64 35 26 29 46 74 100 100 100 100 87 54 30 18 24 44 57 50 32 34 59 86 92 79 64 55 55 58 59 59 58 53 47 41 46 68 90 96 84 69 57 54 57 59 65 89 100 100 100 96 65 43 46 65 83 89
43 38 45 55 58 49 40 41 51 57 51 40 41 50 57 52 42 50 80 100 100 100 89 60 48 58 78 96 100 90 74 68 71 86 99 99 89 72 56 57 76 98 100 100 64 31 21 23 38 66 97 100 100 100 84 45 23 18 30 53 65 56 38 36 58 87 99 93 84 77 74 75 75 77 78 70 58 45 42 58 84 99 96 87 79 74 74 75 79 95 100 100 100 100 78 53 49 65 85 100
48 51 66 80 79 64 50 53 67 76 66 51 52 65 75 68 52 47 62 86 99 97 80 57 48 58 78 100 100 100 82 65 59 71 87 88 74 52 37 44 70 93 100 100 76 49 40 40 41 53 75 95 100 100 87 56 41 41 56 76 82 70 51 43 55 78 91 90 88 86 84 84 84 89 96 91 76 58 46 51 71 89 91 89 86 85 84 84 85 90 96 99 99 93 72 52 50 65 86 100
65 69 85 95 89 72 56 59 75 84 74 57 58 73 84 76 57 44 48 63 74 73 62 47 45 58 78 100 100 100 85 64 55 65 81 82 66 43 23 28 53 75 93 98 87 70 65 61 50 44 52 71 89 99 91 74 65 67 80 93 93 77 58 45 47 62 73 74 74 74 74 74 74 82 95 97 84 65 48 44 56 71 74 74 74 74 74 74 74 74 74 74 74 71 56 44 48 65 86 100
82 85 97 100 92 74 59 62 77 86 76 60 60 75 86 78 59 44 40 48 55 54 46 38 42 59 77 100 100 100 84 64 56 65 80 82 66 42 18 15 33 54 73 89 93 88 86 81 61 40 37 52 72 90 96 91 86 88 97 100 96 78 58 41 36 44 52 53 53 52 52 52 53 64 83 93 84 65 46 36 41 52 55 55 55 55 55 55 55 56 56 57 57 55 44 38 45 63 84 100
81 85 96 100 100 86 74 76 89 96 88 75 75 87 96 89 74 59 49 46 45 40 35 37 48 63 74 88 97 92 78 66 61 67 76 77 68 51 28 15 18 29 43 65 89 100 100 100 80 45 29 39 61 86 100 100 100 100 100 100 99 78 58 37 24 23 28 28 26 23 22 25 30 47 75 90 83 65 44 27 27 37 43 46 45 41 40 43 47 49 51 53 57 59 50 40 40 51 68 93
