100 100
70000 70000 68333 74636 70000 82341 100000 46650 46664 78266 43667 78923 65377 56943 63621 69974 69747 68325 93515 100000 43652 50928 93363 67068 97302 83959 70000 93414 68349 76600 69949 70000 68316 51114 61022 84037 89089 72845 100000 100000 96317 70000 74594 68358 69758 69925 69742 83150 55773 61003 57694 23591 20393 100000 51018 56079 70000 55814 57013 70239 69899 76749 71699 46383 37506 57707 61824 20388 96275 61660 83899 100000 51253 70000 70000 70000 63487 68291 84237 37475 70000 61842 96198 46734 100000 43705 100000 46720 70000 76736 70000 70266 58495 70000 84455 57731 70000 46567 100000 78376
70249 76151 76431 76388 67047 89674 78005 100000 69175 84148 57519 84244 58148 63388 77110 69974 63370 74821 76900 54570 87850 84706 37158 69767 66156 89345 74095 71438 75044 63186 63399 63051 84730 84092 49699 73669 23982 99172 100000 63343 99973 67976 44440 76680 76534 76825 76983 63859 57993 38687 97859 76327 44569 96845 36239 97861 66811 95330 76370 83130 63599 76767 76783 84531 84985 100000 82503 76777 43231 44316 100000 66054 76848 78181 76977 77025 63617 55374 46212 84970 57837 82317 69002 37057 40697 79923 76706 51749 91076 63248 76900 77069 75055 40352 36674 66139 44608 16642 62968 46587
56919 88141 41009 59661 36142 35150 79602 100000 100000 57803 86444 80144 88953 68422 84945 84771 61588 56699 100000 56672 45864 66009 65842 68511 100000 31258 38742 44801 80979 61502 69949 57036 55318 83494 55038 49262 84746 100000 59539 81779 92061 54804 87692 57480 61494 55254 65024 58285 77020 67289 22131 100000 80685 14235 100000 48831 69399 49186 55567 65136 70100 50497 59033 50937 49766 100000 39203 100000 100000 68974 44422 24492 87471 81173 78154 70120 76530 70123 75627 66105 45630 100000 100000 99991 75408 83415 46155 57852 59112 82955 69856 50151 97360 80038 78177 64138 83096 12348 100000 76989
65363 90074 81209 40775 63586 74038 40881 84524 23461 100000 68827 66020 92644 42508 58027 88867 84207 64629 43208 72519 85552 97777 40189 59899 51634 46842 46564 47096 100000 50759 84209 55896 93301 82054 78917 79288 100000 73667 100000 63557 23168 97653 80420 53456 55994 88841 46327 71182 79308 48558 45232 89982 100000 100000 40398 39860 41512 52222 57273 84280 74541 64100 80150 24280 33441 71981 75088 48126 71114 60682 61269 81291 66061 69534 58990 74754 75921 98833 96085 84837 53826 35444 53777 100000 58843 92359 54164 51502 84804 51785 51145 87274 32720 82044 56287 33210 98076 21535 37648 26572
46579 60362 36386 87288 100000 81940 86435 44589 68372 84716 33395 88804 26964 50010 38258 84456 78545 78685 86779 14918 41399 100000 57966 76585 66026 38634 100000 64097 69632 92363 93370 75026 59824 67107 81799 72492 26255 11790 69695 52453 53065 32058 45510 92395 84989 79007 66801 92168 74596 92699 64933 100000 80567 72249 100000 53786 94465 96806 81054 84701 37637 63322 38355 22118 69181 53872 62449 79924 95309 100000 33353 87324 53797 25266 67435 55521 85058 58313 34441 64038 57295 71537 85650 31912 68807 91495 91593 87647 46666 63725 55521 55303 82788 100000 94500 100000 100000 86547 100000 67250
57658 61367 85042 67583 96477 82685 49800 73535 90764 20797 46602 64804 74525 46669 95000 29667 87579 31412 100000 74632 45290 29661 100000 87842 85097 40685 71636 94930 85534 89230 96329 29738 40631 23578 93094 100000 100000 71126 10131 98451 90818 36413 63966 52391 82518 56060 87505 79122 97391 39833 71186 38907 81955 55620 38297 100000 83593 100000 57206 29903 56081 50654 91356 65941 60773 19971 59594 75321 35160 5702 60180 47793 99318 64027 100000 96366 62592 43034 96360 58706 87887 32881 100000 94618 70726 45292 89318 57658 34748 73656 69913 100000 56533 46404 100000 87653 20842 42666 76926 86670
50946 40953 75825 27544 31031 53618 63948 57812 57300 53973 55229 32088 74997 61751 99691 100000 59430 11440 36815 30310 62495 56538 94052 57696 31390 65885 56689 55802 98554 23644 100000 100000 63430 100000 93661 43174 57456 58242 98784 52781 95759 100000 52414 61825 21221 88978 80562 60288 51207 100000 87165 75710 30043 79412 85942 88778 31190 100000 60161 82415 78317 62942 96966 56929 67203 74971 99845 67260 54822 86862 78825 60328 79444 100000 63931 61751 21886 81129 65341 96786 100000 100000 64074 39997 45352 43864 63905 43136 61156 61659 70054 45094 60052 16184 70486 100000 27176 88318 98615 82536
93349 67111 100000 100000 26166 76686 50484 62576 100000 70583 78477 47676 71088 30911 93228 69996 42996 14061 100000 83513 47038 76855 10178 100000 84662 58705 57544 100000 20412 97197 46656 68912 67650 100000 85370 9384 78712 95007 63196 31282 74867 100000 44755 14518 50384 43752 67745 58603 88735 65074 54890 59433 93285 64753 91657 79001 66844 31057 51576 63411 72900 72847 54531 29680 75636 85302 94067 0 100000 62704 36016 37800 25736 53171 100000 20342 67078 52228 100000 84456 97401 85074 49810 100000 100000 95694 68199 100000 23159 50663 100000 47520 100000 61323 98048 61219 89008 100000 78105 90210
100000 53369 40050 87904 100000 64952 71488 80191 31899 64201 62716 43838 100000 70024 100000 69974 64217 61905 70801 54899 78929 75432 76180 86049 75652 83284 71729 100000 84806 100000 93342 42823 67111 86184 68213 50716 100000 15503 80194 79349 73908 100000 71165 80365 70895 72909 46849 25692 85583 86464 24040 84726 74429 5641 83274 95322 86883 50401 71221 69456 72897 86512 81829 77332 68265 78192 61824 52407 59460 88690 74743 42332 49957 27878 50525 93265 21447 100000 46626 28703 61150 89044 75953 76396 76690 55815 40963 70683 99052 50410 93485 76067 39904 85531 62283 93074 70117 82672 74573 69625
50964 72472 94132 89664 100000 38953 94662 69680 60616 100000 100000 78080 100000 100000 100000 50989 84546 63540 100000 100000 99737 100000 100000 86593 23670 100000 75296 100000 57569 23971 42713 78047 100000 41882 57775 69151 17571 50928 25678 58374 31816 27799 88895 56985 45261 23685 46447 97481 100000 93963 41499 45334 43168 100000 93336 47244 100000 87091 74752 100000 42729 84379 56941 100000 19555 23193 86812 100000 89997 100000 35555 73604 70914 88430 21678 78266 84486 100000 39100 56820 76341 45409 100000 71498 53077 58095 26175 79711 72605 78038 42752 23661 83135 57500 59296 100000 86742 60533 100000 74609
57646 100000 95123 100000 95224 9219 68374 60830 61385 81190 65785 39497 77635 21214 57535 43662 78476 31933 50366 38839 71664 43975 78587 25404 66542 87905 100000 59542 71124 95124 56061 74130 96128 100000 46701 49151 100000 30520 70150 100000 37799 43263 42377 99324 56057 84053 82022 98261 76609 82955 100000 80693 55027 95615 100000 35151 100000 47165 31585 39913 55941 100000 80525 76697 75870 38490 35701 100000 82353 47947 35520 88207 53149 97533 100000 82353 65951 58786 83221 65451 100000 69755 93894 71603 63139 66175 29817 65400 89835 73745 57764 90871 79312 25779 82891 68713 94155 81763 75006 89742
78923 43606 81564 58091 100000 51675 63269 80763 78640 100000 32218 63923 94386 88935 45763 93409 84634 78865 38040 85923 46629 18873 49367 65481 60537 94502 45544 68525 99295 94179 93400 64890 58741 53823 100000 13919 84188 60400 37520 100000 27534 100000 93380 72042 63642 70074 67631 66535 29906 50637 56703 46482 100000 88896 30707 53051 61086 60033 100000 67031 84482 41820 39479 54869 63393 28756 100000 27452 84647 41051 99097 37059 54840 54089 100000 60981 98343 91631 42376 41315 95482 81373 61485 87151 62336 48402 48521 56333 88672 37522 93555 75472 82478 43712 100000 78142 84365 54015 95782 100000
74622 68280 52683 43787 75076 52333 100000 49574 85556 62241 62982 51072 78760 87439 50532 70022 63261 93291 85293 99276 65830 77845 72301 64671 100000 46403 34540 91812 40267 77885 93448 93170 70483 44353 48290 67657 74786 43545 57424 100000 44766 44242 57426 37981 59510 88821 76028 53347 100000 57201 51721 34320 66823 9622 71777 50283 56438 81718 60140 49874 65478 80647 89207 64383 63311 17591 34914 9436 70636 100000 86196 100000 50444 58629 71704 70125 68185 48893 92184 53732 84761 69716 100000 51107 86267 41871 100000 51911 55628 93330 65509 68526 52500 34591 72608 95304 55796 100000 34344 50333
58601 82903 56903 82302 49830 98039 73104 66872 70247 74005 83080 91028 52430 58569 82851 71633 58544 60446 60791 94337 65012 79199 65529 40721 100000 60759 46147 88926 83024 63370 84666 78640 97359 32593 84268 20765 56258 90939 29450 64435 100000 47116 89504 82776 63713 68268 84251 97140 47977 69102 98079 98398 67933 86264 56523 88995 52697 47391 81325 55686 70096 57076 84551 71109 45608 64547 42112 92069 50228 61819 18478 66714 45176 57191 61487 55285 76748 82458 87638 60410 62039 23846 100000 78427 41700 93255 100000 36595 84315 63774 84712 78034 55114 44008 47572 100000 43748 37771 100000 29800
76378 63161 55045 68498 54494 25870 67565 100000 42794 59872 100000 94329 80634 88019 76608 76872 83032 62049 88739 55316 76467 100000 40042 63196 71659 97535 61288 45628 52272 76609 63126 70294 82677 59198 66821 52593 63672 98960 100000 64271 100000 100000 88601 74581 76816 63449 70111 55227 50792 41855 100000 36166 16648 53216 63418 64091 68026 51699 76129 76532 76872 76725 74640 84142 99955 97823 67695 100000 46703 99342 97490 100000 50963 75053 63989 63746 63505 64830 46667 45529 100000 86951 100000 100000 95670 78628 100000 84759 64957 76489 76378 76608 74403 59327 94302 29534 86772 93303 96689 19597
70025 63574 68358 51152 78967 96345 78248 43751 100000 89018 83958 78942 65401 55285 63621 69974 63576 84802 84213 61065 43657 97294 46622 96228 89034 83944 37702 46609 71674 69780 70050 76725 68291 70022 46525 70025 69974 96233 93321 50983 96312 55513 69977 70025 63181 69925 63274 70024 84251 46511 96367 78194 46622 20426 51036 29769 84496 69977 57013 76575 70125 69974 58526 51074 46518 100000 70025 100000 43749 42688 83885 84493 84180 84613 63236 69874 69761 70024 55739 79010 29527 61842 93416 70025 42687 82413 55477 70022 55466 69974 70124 76509 55062 84243 37438 57751 89153 46581 69974 42671
69747 76845 63081 52757 63206 80106 100000 70832 67090 93794 74185 43875 93319 63116 62862 63324 76369 51674 55995 37439 59725 100000 100000 89539 17507 29591 65032 99815 81605 76414 70202 70276 63576 84270 32430 100000 45018 46643 97392 100000 24552 55288 90891 65127 76793 63324 63341 64950 99725 66623 37158 57441 97276 75696 100000 61567 99729 72068 81439 69839 69647 63873 89591 88999 83848 97947 57555 89705 70818 53449 82606 55484 47082 76436 63255 76423 83403 74945 59246 92914 63250 93856 66103 20403 76582 49318 92561 55658 57004 63280 69851 83191 75047 88268 84781 50482 40962 92443 100000 40577
55221 55102 68553 95734 42161 32386 56532 57782 89781 92622 98025 88928 62542 81272 62124 58571 74494 84966 40276 91727 69831 63556 100000 54731 39758 76309 51021 60132 96745 81424 83102 74619 71961 68667 65458 100000 100000 100000 54583 100000 100000 47900 46690 53859 84625 81428 81739 83963 62798 46644 42244 77053 99566 68817 65452 100000 55255 90820 55715 76024 56894 49076 59035 78188 38414 30097 81995 60216 60390 65324 45215 96021 90614 55920 50199 71799 76550 82590 73807 92082 44684 36613 67496 21434 81531 94738 81800 80941 60783 78276 84631 76758 55288 90857 84837 65340 100000 72473 21195 43351
93515 84265 83668 48709 98598 97962 28405 75467 50239 65796 14421 49454 55785 59566 52751 70022 90714 57358 52231 59582 25319 85834 48406 98966 83893 38074 32886 70667 72472 94430 70050 50558 60261 80386 75105 94680 58871 55509 70486 29453 68927 77368 82855 88274 81151 51130 39986 94927 44553 52260 27233 63264 77400 100000 88746 92402 47636 45125 52938 51598 84220 88459 50269 46995 82282 100000 100000 88344 21372 59454 58883 55945 97301 51248 52345 51024 81253 45344 100000 66887 86511 98860 79183 36178 40548 98346 100000 100000 54620 46300 46492 68256 87284 55756 49401 93688 31039 37178 100000 76982
100000 74837 73555 50208 50497 100000 100000 21084 87374 55524 85594 89464 86142 68409 90059 37604 76587 71169 52807 61461 71394 63263 100000 100000 100000 75644 83741 82075 79199 62078 69949 55300 88734 52700 39364 62621 100000 99141 70520 45264 100000 89507 39249 90243 67601 37604 75023 69001 100000 100000 63817 74577 100000 53682 80277 52558 32745 92192 72531 84649 37516 74845 82874 88121 100000 60595 100000 53015 32187 79127 36727 71025 100000 66607 92660 100000 55705 47657 90853 100000 96972 84475 48774 60095 90410 63085 81821 52859 89798 55119 93416 45899 66890 87049 80989 89349 3331 86421 71038 36825
43652 88981 92182 67772 0 30955 41364 50352 66092 57981 93803 42582 56254 47976 37203 100000 39619 98356 100000 87641 65717 100000 65099 95644 59385 60658 100000 87126 47964 83967 56021 50314 32205 72788 58560 88223 89940 15470 72407 61756 98955 40219 33586 45820 56459 83958 28311 89632 65106 92120 35116 45800 43009 39752 65537 96381 17957 100000 75025 42310 70058 79823 39974 63566 88740 82203 26010 91564 57670 65881 100000 35808 79932 83799 100000 57670 97718 78716 67884 49084 65684 84398 77270 90589 65093 74223 100000 100000 59026 77010 84135 62858 61251 72770 80843 68779 1924 59267 60960 100000
23626 40877 57009 44532 17081 100000 23634 100000 47205 62669 80029 92695 100000 96723 57817 69990 67420 40732 88970 67871 99567 79935 8859 100000 57457 100000 22813 26668 96109 93767 50978 67381 91078 100000 100000 64349 75695 24568 23626 17117 96550 93817 67930 65338 100000 100000 80252 60884 50613 69232 73759 52097 26491 48144 100000 91249 48903 28311 58832 84572 23594 94954 26236 59164 100000 72745 12865 57432 23990 94527 78196 31078 51710 56956 99291 100000 62026 100000 38758 32931 63783 100000 100000 84573 100000 97537 43740 40903 31856 75837 51030 40787 84308 100000 54049 29048 42127 58310 77263 100000
96230 89605 42606 100000 57190 41332 62165 100000 48645 100000 31949 56500 74642 84831 70546 43758 63301 84099 81982 82301 100000 60799 68376 74503 19685 59078 98647 52590 39926 20635 43791 100000 98089 100000 93766 78627 79139 91401 59757 22833 37913 100000 30162 96857 69317 46678 70748 50065 65062 100000 76030 92472 99065 75511 100000 25788 83913 82723 38849 86992 72910 77010 85276 37958 71826 12360 74283 66698 100000 45049 65637 66759 100000 100000 46771 43785 16749 39896 62251 81041 45468 80543 39536 5666 100000 44667 95608 42169 100000 66360 93213 71219 85417 70084 100000 80628 68707 59701 78511 33237
93321 99589 61170 100000 71815 61385 40184 33587 57227 59551 85218 41212 43151 68562 100000 72931 53456 70484 42063 76542 73227 88177 90061 52656 17524 40120 84909 85683 91001 89820 93350 24429 48817 14477 51767 61821 59259 55559 52259 70574 84524 20363 100000 79262 63403 43672 99200 90662 36247 51063 72936 90387 100000 95022 86048 46797 100000 100000 55293 76423 69987 62989 100000 38665 100000 67529 66107 55179 100000 72011 100000 29429 71864 100000 95438 43731 89333 17059 42092 10829 72907 51596 83274 81908 72121 52131 32789 66738 73080 40978 46697 40991 21467 25823 87467 60946 22437 43265 50545 100000
89017 72557 78048 51040 31034 100000 48006 29664 67505 28341 76675 59602 46654 60023 91148 70009 63170 78738 57394 67558 89840 78613 80066 34143 56010 68342 42871 68922 82260 63417 97286 84688 82864 90962 48667 23842 41081 47466 62650 100000 63679 82822 80998 100000 35977 89044 46597 100000 100000 42975 100000 89470 56293 55845 64261 91373 100000 60408 77371 84635 97334 45070 48315 77312 82404 44985 45234 20645 30421 90357 28226 96144 48898 100000 72386 78324 78268 69478 80697 55726 47450 54781 60373 44913 73065 86523 46159 23318 77380 55238 78285 99541 47678 93863 33300 100000 93118 67526 85026 81019
100000 50800 73747 98607 86660 38476 69902 85016 65278 59002 73856 77827 78466 57330 59035 69985 57829 40582 46585 61495 43976 74785 77760 71170 46890 100000 100000 100000 84103 76884 29715 97780 66058 53626 93060 83946 76862 100000 33810 100000 35564 100000 85051 56647 35052 82306 94625 99726 80737 70424 50570 100000 88045 100000 40020 56060 76492 55814 43084 44959 55961 50817 30227 61886 34889 46487 39114 1476 74167 53015 40983 90405 23363 56900 29919 29715 82504 94037 38362 9135 100000 45483 100000 100000 92974 43559 93199 66887 64914 82254 29746 100000 58929 61166 81272 99017 100000 76025 77500 54955
100000 55520 82464 47548 100000 87253 100000 100000 100000 48425 89564 45537 48143 72983 32207 100000 72245 47906 85091 61150 72250 59010 27145 88862 100000 88264 41622 93034 68903 100000 93385 47380 85856 45647 94554 64884 44351 96198 100000 100000 72873 52629 90352 36123 84631 100000 85411 38649 59882 29136 100000 52998 22159 81726 78113 61908 81742 95113 61570 100000 93379 67376 87865 37702 53204 88402 40450 31001 93105 100000 61543 71147 50114 72583 44213 79030 56122 56054 97923 83023 100000 39511 27761 100000 58321 41732 100000 57653 55834 54907 79054 54944 45148 50917 84502 91902 65196 73169 53943 100000
55802 59172 58578 96159 55101 100000 63248 100000 100000 56130 100000 99269 98321 48948 98969 74633 68039 81988 56120 53844 31248 60715 41863 19754 100000 100000 74640 80949 50835 45327 93366 81760 49293 92966 49371 59101 43254 25917 65375 39699 100000 55044 54729 81160 40613 51119 76181 81653 88723 39016 61461 69673 56074 70718 92455 56007 85142 44946 92354 46869 74709 81164 71225 93413 75749 76589 27500 83942 33925 50681 74330 100000 88501 87227 46947 70110 76720 35650 87327 50964 78342 86773 91847 100000 62593 61945 100000 86364 47465 64039 70149 61986 70317 75899 43848 31214 49319 62791 70083 67885
56966 55394 58367 50959 60947 75989 14225 80865 89610 62396 57924 78243 85348 84473 63873 56990 84401 55784 87292 71574 74415 100000 81354 82812 100000 43928 49468 86541 82569 74593 55316 74554 83379 46016 83225 76112 74898 92432 72362 100000 95635 80491 87855 84621 78134 55317 61725 58540 47313 26706 91458 70570 100000 78820 38941 30074 48588 53519 41036 55018 70096 82645 71281 84374 70967 35578 30867 71151 100000 91021 100000 48053 33647 82745 59006 71529 55094 55329 45335 74823 45935 47394 100000 100000 77319 89326 56156 100000 46345 84742 83030 78088 59193 75833 80428 72000 63991 52934 100000 59076
63399 76813 87900 58991 78460 50667 78372 21491 76905 72323 63367 92427 58042 65306 76871 63669 56796 65090 76844 37658 45270 72551 23666 100000 66395 100000 47594 80588 63401 56815 76600 76592 84801 93549 55215 100000 86765 89408 73121 63182 52180 72818 59158 84528 76784 76919 63918 61866 80931 78847 62474 94908 69778 50734 76721 45291 78468 59000 83312 63405 69655 63435 52176 50495 38221 90499 82741 63500 40787 76383 47407 94173 84384 49207 62992 76720 70157 50732 83288 55309 77152 86837 50329 20726 84352 87296 55482 80829 84764 56920 69606 63479 56447 44241 74899 44930 28433 72744 70594 44332
69949 76350 58585 74683 46528 29672 42647 46700 67112 61698 70050 61114 88828 68391 63374 69974 76423 71625 55787 61077 29634 100000 93369 100000 78269 43645 37702 55802 70050 70294 69949 70050 69951 84220 78933 29647 61804 67177 46698 97321 29753 70038 46669 84701 63615 69949 63274 83151 74628 46530 55903 78194 96192 20437 78287 82389 78908 93392 69951 70050 70050 70210 68348 74647 93472 96419 100000 96229 69949 23717 29797 61186 93315 58711 76576 69949 62961 56853 88947 78994 57719 97282 67220 93294 42680 83931 84494 46672 70048 76736 70199 62982 68233 69955 100000 69971 100000 43786 70050 42680
70255 76177 78080 81019 94268 50507 21482 47793 73109 76096 52278 63020 95702 89210 76682 69769 76696 84992 90791 95262 63611 61589 98816 97057 55490 73987 64959 67667 74953 76593 63350 76407 58972 64148 94245 78543 44036 70207 44925 76746 97736 74884 56281 57108 76561 69925 76916 56723 88424 63267 22916 63444 100000 67810 100000 42254 67245 78094 77786 70122 69644 56092 75092 84272 67909 42411 99163 89835 70536 99464 74003 53615 49859 89122 63473 63169 76708 78016 55524 92768 63243 23561 97111 20481 26050 100000 67985 53445 57439 63568 69851 63819 85045 100000 92671 76537 40606 68998 17761 45002
70000 75137 80701 40166 55173 56199 68816 53235 91223 92916 80261 50297 56340 60727 56798 56872 74966 56873 87488 46973 37865 93908 100000 65695 87254 84377 100000 78675 82815 91076 70050 78217 96287 82052 56059 100000 100000 93877 65284 84647 91903 93671 48749 57743 65433 81370 54936 79553 50602 37860 76716 75821 68176 27912 99923 94744 47447 76751 69740 49000 84810 82745 59038 56865 100000 41210 100000 67910 22650 56251 92076 56066 82969 53312 56542 83252 78190 81064 63272 96762 64923 96191 67042 68136 19454 44036 45290 50534 68000 81030 56869 84417 85198 55816 58469 61575 75924 100000 36379 80621
46450 80797 96619 67196 86177 99432 76407 50946 52694 47816 48905 90552 85900 67126 63311 55779 46148 58493 41819 84516 100000 100000 100000 70988 97532 86158 54249 87967 68867 77365 46450 50496 58862 57166 60406 38465 100000 18629 49946 47559 40711 82646 55243 53434 76024 74739 52888 80071 88598 62749 83216 69681 51110 44977 3357 100000 100000 97729 59799 64413 46450 56104 58335 50868 39533 65050 35178 75573 81427 36610 63841 44860 55670 79685 81009 70125 45444 77573 60218 38577 67838 98098 50952 40730 67821 39063 96680 93105 100000 52425 84220 58630 56550 52151 94164 67925 79500 92238 100000 100000
37572 50538 81371 88343 91694 58380 82998 48901 81531 100000 33986 58367 56481 58034 74808 46575 55701 83383 76527 83776 74243 36265 29610 76716 73138 50780 88324 51507 27370 74951 84477 73273 43952 40261 37572 33047 57059 73594 99702 100000 82377 92292 86285 34258 94103 70056 84697 48337 51048 100000 67792 33776 68612 28817 64262 96654 43351 44226 39163 100000 37661 55446 73482 83122 90663 25705 81042 100000 76501 62867 72257 59013 89448 78631 100000 78868 96514 91670 100000 84400 37572 84656 71729 44352 100000 38997 45476 45114 55528 64856 46532 43892 100000 71575 89460 64965 29266 100000 69228 42666
29607 40029 35351 100000 47095 82345 63803 50287 51445 60689 55939 46345 41652 90809 57770 69985 25708 75608 53706 97974 93760 84051 74495 82319 48515 84927 55221 58938 60308 45334 96344 100000 83563 70834 29897 67433 100000 42540 16840 19962 29694 97346 57845 37447 100000 56021 76864 99672 45718 98920 82667 71142 57693 67254 74704 93621 46784 61557 81478 61064 82317 47585 97051 99066 100000 93337 38881 13147 69266 81600 100000 97109 96161 84095 100000 43618 58020 55814 35464 49917 46146 100000 36178 89971 73936 60167 37738 39331 100000 31247 29607 100000 47076 39435 91025 100000 100000 100000 79391 66554
78211 73856 63957 40385 90174 81128 35780 52400 68301 39213 69259 99439 100000 100000 55353 100000 95056 25566 100000 99021 23697 72170 35288 39675 88196 89913 84281 73787 100000 93832 78211 67694 37529 100000 63800 35241 62703 100000 73182 40912 46507 29700 43299 90844 67783 42772 91549 79760 62160 52754 100000 77431 45959 85596 93487 50067 100000 50039 64692 28500 78143 76844 76315 82414 46519 57680 84167 92364 62574 39832 96085 53926 96405 28262 28318 51035 100000 84112 37170 100000 100000 22366 23608 49071 17117 70985 43582 54299 39096 75886 88987 100000 38027 97293 100000 86615 53142 56727 37576 57399
43777 92960 55965 15574 73183 79908 49228 50705 54017 100000 100000 26780 44730 66560 46955 20411 70713 55386 32682 43019 62200 68495 59759 89187 38666 76637 66130 68481 55604 40705 96216 40949 20115 25745 78255 100000 15973 89171 59394 100000 39411 76057 100000 100000 89596 20391 66299 21313 61640 100000 56461 84809 74429 21599 58233 100000 100000 62479 86343 70007 93389 20799 54529 69469 91653 90827 63717 10107 61758 47894 20939 41629 70778 54136 63399 43722 44556 84319 100000 26169 65255 40041 90219 89267 100000 52180 76866 59625 46399 69211 100000 37083 77570 62958 44351 14672 83949 40993 56840 66967
43739 72092 59002 65447 66493 100000 100000 0 48326 34895 33741 37417 78921 71516 72906 93293 97069 72528 32139 66917 31209 53540 45404 0 54390 100000 24749 100000 27717 93509 72902 66903 91265 98043 30862 73969 100000 88397 52623 100000 74208 37735 68189 99978 72968 93349 47715 90222 68870 29570 69469 31550 18816 79784 82308 73957 100000 100000 54461 99082 72965 70533 59565 58233 71444 100000 14008 58117 80123 66096 67903 100000 83091 91748 76400 73007 43282 100000 100000 26743 25342 24458 100000 100000 72913 84473 100000 47528 69301 93180 43804 16824 14660 78756 46966 83169 43566 93453 42425 95669
70000 78405 56307 90245 32003 96798 66969 81317 88875 100000 88880 54804 25040 84031 72625 97310 84377 56794 100000 49865 80569 45293 52429 100000 81656 100000 100000 66433 88546 90482 61661 46349 100000 91449 100000 61658 22795 100000 83659 97041 100000 60820 82058 59378 84499 100000 59820 100000 100000 100000 59013 100000 76659 99885 40286 50553 40450 32783 100000 61672 51037 84337 29447 40174 100000 59159 100000 100000 30140 73064 100000 81065 80830 64996 40696 42657 80520 82235 28469 56032 84421 77364 70651 55102 100000 55064 32509 84084 24646 55381 42547 93757 63803 100000 80250 44386 22659 73203 89239 57191
100000 63561 59098 55479 30648 46650 62123 95049 62075 47891 57290 77821 68680 62164 30096 43687 76837 73650 100000 78150 63145 67770 51053 41136 100000 51789 73074 27322 100000 76705 96307 30092 48698 95254 76717 100000 73194 100000 84460 31477 37858 100000 65327 90384 82190 83880 78764 31315 100000 27737 71674 30196 65660 38864 100000 14755 47963 75487 72399 33677 57601 57675 95188 78504 49229 100000 33103 10126 70247 48592 69665 89568 70973 93362 78656 96343 29613 29816 19661 45209 67086 55113 34519 60362 100000 26822 94560 100000 71788 97710 84026 87609 19082 54653 36086 72299 67718 61816 76336 98067
78887 54876 67721 22324 76631 60420 100000 17557 100000 37158 78163 91541 53597 78585 100000 93352 63418 47017 38113 45878 100000 63762 24677 100000 100000 39885 54454 37399 54749 72978 37735 92686 33526 88086 40903 53080 2094 100000 77670 30581 100000 38472 53065 81501 38705 61046 79392 93230 63120 46318 100000 57564 100000 100000 42433 74315 97260 37952 61519 47739 78798 83780 90882 84114 22690 90733 41321 100000 86304 34915 60373 81623 80156 100000 66789 100000 85308 94333 93113 76667 75315 49826 77081 59916 87907 71023 100000 82032 62246 72126 84358 84874 68895 97915 100000 30339 68998 98013 43468 45380
55808 95162 62633 47117 40791 48873 85274 100000 100000 32169 100000 61080 91787 79723 64072 65427 51407 53601 34846 48021 43069 100000 98259 17168 72062 43446 67980 67817 58332 51594 88836 100000 84442 85509 91478 89329 81175 62155 68857 100000 100000 96931 46619 48878 80746 88852 84410 89169 75828 54163 88079 27918 70804 89281 100000 96110 47115 50370 79179 62222 84102 77660 61710 85379 85587 100000 100000 100000 92294 65219 46651 43834 50622 80474 63534 65287 76180 61866 89717 100000 13748 52930 73979 43527 98072 90302 51182 43515 87311 64462 93239 99121 60378 78062 84455 36612 67624 71307 68932 68574
55347 63365 83048 37189 59090 32678 79373 55547 19495 83166 58176 92935 82292 57177 74833 81368 63457 81432 89210 55375 100000 79843 14976 68415 46458 82247 47556 54872 57267 84584 70050 57107 69952 61442 100000 92132 47514 85379 98997 56992 45075 38480 40099 68943 81130 69928 63247 94270 100000 50789 44303 44034 100000 46142 27939 43769 46584 92463 57212 63555 81368 52077 53767 78644 49738 75865 100000 59571 27999 36928 60079 58513 85545 84085 63749 58754 65150 57526 89372 80525 45389 67799 58949 21175 25910 48893 91265 58389 97317 74713 56840 78075 83293 89373 100000 100000 83963 39045 99181 69300
76818 63210 48749 50088 76759 34787 28466 46807 67271 100000 24440 67492 49222 56579 76301 63181 76668 84664 83962 37924 31105 46207 99158 97062 99462 94999 90020 71487 76665 63182 76384 56995 63460 64252 47448 82439 55561 67237 72817 21875 61180 63242 88601 64853 76557 63181 63426 81467 83542 43430 76471 99471 63394 96943 84454 100000 100000 77734 82834 63425 69899 76799 87856 77389 100000 51869 17029 89698 40030 95247 29955 33134 76359 74590 76570 70366 69759 75384 99571 73365 100000 72457 16807 20776 84293 100000 83918 84740 76605 63914 63182 63418 55003 80656 85906 59947 94925 70893 69148 45045
70000 76400 81413 70074 84469 70043 61751 70074 69990 61807 82310 37660 88830 55358 63127 70025 76675 83104 84214 69925 70074 61718 93405 67068 51009 29731 84420 74537 83105 69829 69925 76444 55263 70074 78912 69956 61788 46613 70074 97326 83864 93368 70074 68431 76576 69999 76909 71618 65251 93388 29506 42671 93433 67025 50967 100000 37766 51299 71706 63449 70074 70074 55127 46383 84463 29553 89075 20388 100000 88888 82417 93357 69925 58661 70311 69874 70188 84978 55687 46498 55861 42726 46655 93190 42720 83806 55433 88801 58601 76502 70074 70074 68211 74796 100000 43631 61861 93507 46673 97275
70000 83312 78046 88968 55762 42578 44781 76797 44749 100000 59002 38481 59120 58463 76600 70283 63800 62028 77908 61435 100000 67353 99146 72786 44775 65923 98249 44481 74708 76951 76776 56905 78241 62583 93950 62891 63431 46073 42869 25911 24567 89677 46504 58568 63477 76725 63054 76241 68574 100000 89196 45467 96904 43081 61544 52194 47197 84079 63016 63448 63116 69987 78040 67888 47607 49217 99808 89363 67166 93129 42282 74844 93183 63277 76747 76601 70056 65020 76775 41248 57586 95081 71991 50413 63120 81171 37887 64335 62050 76949 63532 76669 81720 46801 56449 62915 44333 60557 39828 90374
68308 76680 81201 87736 70972 68609 100000 13779 99736 43426 82899 66801 77212 69964 55222 56849 83285 99044 37226 94333 100000 65522 45207 69749 100000 74280 74701 83650 57147 81792 69951 50487 69694 41000 92600 57807 100000 72751 21159 27236 46076 58112 79309 95652 85035 84841 81043 80945 81789 76096 47535 76196 46691 81228 100000 91443 66851 57126 44090 65226 68209 74549 68019 85664 34464 57825 63058 51493 100000 100000 99593 46758 51140 84285 55229 58538 89588 55382 88311 58049 50659 55727 36036 87073 81095 62071 55188 85022 55749 54932 69850 56781 86595 61793 93434 100000 100000 100000 78916 99954
88905 45351 44347 91325 90021 100000 50188 89326 70536 72603 36729 59185 58733 81979 58875 74654 55748 54306 89737 78831 94358 41947 73667 68081 25790 67111 44709 100000 52690 62100 88949 78083 54275 87785 100000 55712 95586 81434 92514 59976 41351 88917 100000 51704 82519 65387 71069 82634 52749 51748 63755 94808 67505 70100 53184 45966 76383 91265 82332 76739 84220 62102 89454 34677 58748 36639 35541 70014 97574 38454 100000 79524 93583 83071 80845 93576 77010 100000 85292 49074 100000 74974 19693 60880 61225 53038 89421 82973 86429 40387 84085 68698 56504 55773 97762 82198 55030 79399 72077 68208
46536 65076 55564 55173 61314 85779 69562 68183 82313 73513 74934 73023 35928 80949 78531 93488 31463 43705 97413 89430 61790 75485 8618 74196 41647 100000 60137 42444 65124 31597 100000 92519 56210 68463 77869 46439 38090 84824 45556 96509 81402 50496 58789 44758 65897 93407 90069 82091 86450 19167 68149 70000 57246 28737 100000 98875 100000 49029 97188 63216 61079 37721 100000 78205 63912 100000 67426 34158 69514 77498 100000 100000 69935 47341 100000 60878 72821 58723 41415 91715 95385 34187 47663 93834 84868 54002 89602 20033 48801 84608 79145 75230 92726 60366 64091 96706 59583 67002 14689 68625
70000 63331 21249 86166 29170 76879 32818 70991 68422 30021 52148 63743 95597 29962 78729 69985 94914 86508 92164 20614 100000 77875 100000 45410 65241 30900 100000 92851 80962 65887 84016 61617 71867 32657 69254 57327 82700 100000 57205 100000 100000 100000 99702 95929 80730 56002 76801 43566 39794 55763 95992 72275 57668 72925 46762 88376 41635 66136 77049 89413 82384 100000 65805 32652 100000 99312 24258 86266 100000 61702 74196 54306 65108 57694 29613 29680 42434 55177 67575 44096 71585 61523 98649 98988 34851 87887 86315 100000 44802 87303 70086 29788 45631 78401 89696 73002 73083 67894 74909 72075
70000 49563 93372 72474 60754 100000 82525 100000 41016 100000 57193 76286 92857 84107 59675 42690 62022 14053 41340 71767 64802 76947 55211 56096 60929 86725 84659 79807 55998 100000 100000 61995 100000 100000 33454 98887 23602 73157 100000 57254 77539 47436 31668 100000 82794 42722 40431 72315 83770 70295 34669 67386 12193 100000 61805 89008 100000 71902 65628 100000 70100 67562 93318 84229 97362 100000 100000 59251 68648 75591 44406 100000 71281 73230 84356 100000 57883 58519 74877 28740 69522 43379 44049 73797 78335 82185 94156 100000 48079 86698 50994 17080 100000 100000 100000 37555 96796 75092 100000 72365
67177 63319 71102 100000 97404 34325 100000 42516 45007 58477 92078 34892 37920 73068 43056 72822 67217 69463 89577 15730 28194 71027 81181 43303 100000 85916 66818 32802 100000 50294 72873 63259 70629 84905 58545 100000 100000 48222 55144 82301 97716 71446 43490 100000 44622 93349 69441 85792 100000 66383 95517 17106 97813 57318 48655 62578 100000 88210 46625 99710 43773 96952 53651 78528 82054 61195 66655 81177 69597 78021 100000 43381 72758 67221 96894 100000 40875 39360 23601 68299 22107 76740 74438 75223 99062 67896 98615 56630 58792 68207 43935 16431 21876 100000 72571 90476 85952 32293 94169 93192
43731 66900 98389 75049 60406 50741 59362 94935 50539 56790 58372 71997 67607 100000 50743 46692 45890 12611 67759 75023 97978 56543 71254 86436 46833 83753 68117 100000 100000 23437 70006 64214 51210 82950 69006 100000 33780 100000 8968 100000 99261 74362 64116 26830 100000 100000 62951 21464 56413 30671 80808 97360 97521 89932 18030 76325 25730 77461 74103 50476 70012 100000 56749 100000 26300 91207 70408 97515 73000 69470 69110 49525 45051 100000 69249 46581 75954 100000 2263 45685 100000 71506 100000 45010 40272 98966 86501 29014 49636 45698 20457 64102 26958 52432 25095 93583 65181 84896 100000 50962
51018 82405 80442 26416 69697 71290 88633 87324 100000 93339 70280 47704 87151 99046 78318 23715 76531 70024 27016 65179 74820 79089 72866 63674 100000 100000 34833 49431 100000 82604 50984 100000 66565 100000 75329 59325 54095 73602 60647 40990 86992 89595 25894 57753 78278 100000 58055 100000 80366 35326 69632 64328 63652 81812 100000 86676 81033 50662 96747 74031 69899 95190 93231 41905 72856 100000 100000 64056 94068 100000 63266 75490 100000 75063 63356 23630 40627 73406 22560 77331 89765 100000 17341 68028 82723 9834 93065 73180 92861 63758 89083 57824 62761 73037 95558 58581 67828 86145 76645 81666
82389 78563 81523 91144 45011 13202 42210 59347 62953 44106 71409 45794 91952 100000 49258 96304 29897 63218 8593 97795 71325 97575 30149 100000 100000 68286 29185 77227 58334 97497 96299 66060 37422 51570 100000 83719 65502 73479 74354 79982 98890 62231 59348 83850 100000 29754 63240 82164 69263 35453 84925 83127 100000 45471 43017 57610 99332 100000 88201 90281 56180 100000 100000 92009 37028 66190 41236 72108 45002 67281 36763 27259 87043 35871 97907 84019 97683 71766 49934 100000 68301 69050 100000 47588 58957 21392 40108 75974 100000 89200 100000 36944 56181 100000 71130 52267 70974 97680 45703 19069
70000 100000 55625 62792 33760 35853 85649 66749 71166 100000 88212 78827 100000 56708 65153 100000 61661 93871 35488 50386 36405 47307 66400 91971 53079 15838 33528 41959 71675 55291 61174 47415 90489 46970 52268 100000 42346 100000 81462 77662 51233 60103 53857 47591 66057 70074 55829 96606 80050 37838 65732 63328 94522 95466 77755 72422 58296 36136 84296 74720 69899 62061 89451 94235 83757 100000 76595 66450 75887 63675 70784 44924 86045 44984 38085 78964 100000 100000 79266 86190 46471 100000 72464 81284 41061 53829 76053 56020 74456 89572 78738 75098 81075 77943 100000 97886 75210 15022 82742 28763
46652 45131 54001 49204 73513 14486 100000 29562 66262 100000 88426 93511 69794 62665 93588 51234 68536 53612 50350 95169 99493 100000 78799 39217 73865 100000 44131 59592 87163 52293 88769 72065 80978 80207 60889 84804 75517 100000 37281 29021 51060 83350 85809 60586 57140 69925 68098 91592 45225 51493 25631 65759 30244 45051 87079 64398 43816 48249 82640 49697 55814 75694 47501 85389 49842 85959 75125 69790 24455 73281 67174 51077 85778 76891 51166 74698 59084 58780 37563 87407 95024 35233 38262 42044 21816 73194 38888 79468 45495 84382 65278 93961 94085 89501 100000 43457 87080 53116 59947 55006
84619 78244 71760 78555 93738 89865 100000 70255 49914 70276 55643 89783 56714 56799 48680 56988 58708 84414 91984 45146 72473 59270 100000 73095 83142 27989 100000 51847 83883 57146 83036 61898 57290 61299 80445 67349 100000 66345 100000 64929 40366 47055 97046 82804 81479 57015 65070 71614 85948 100000 77271 100000 100000 71443 61991 99474 83593 63970 57533 50463 71532 61460 83395 45194 92072 93243 94633 60225 35996 65968 44308 92144 81100 54296 58594 84740 65290 84622 91987 39449 31051 46689 72516 50568 47905 89013 47060 100000 59117 76530 83130 65125 82839 79728 45057 61586 91753 65938 100000 48929
70000 63235 82937 87301 100000 42369 49475 64377 41128 44305 74043 76633 57227 56871 76582 70264 77132 83206 44597 73218 77278 45238 99064 53378 30261 100000 84636 75832 49296 70533 69949 77176 54988 55493 73319 61015 77985 43050 50412 55624 62682 64742 75872 56861 63211 70313 77009 56772 84647 100000 63246 100000 42734 50476 78155 73615 64798 68280 65198 69523 70138 76272 55002 64456 76783 44926 95415 24058 37217 100000 82510 100000 80433 76814 70416 76664 77260 74349 71371 94120 78657 73701 76326 100000 93404 62649 76649 59531 81524 63704 69851 63671 65367 94931 94443 36825 76594 86582 89478 82884
70000 76650 83082 51255 60981 69899 89122 46706 72953 42596 43688 55517 69910 68243 70147 69874 63224 83101 84214 93511 43631 23589 93306 43702 42729 29715 93403 84197 58715 76945 70050 62944 83026 46539 55440 100000 51010 69899 67046 51069 55980 70100 55713 56987 63182 69925 63116 83251 74577 100000 100000 97269 67177 70012 69899 83840 78946 93258 82988 70138 69899 76489 71798 51069 46534 29611 50910 70100 67004 70037 96281 78762 70089 71526 76189 70100 63224 84905 55762 55540 43724 78125 43756 73074 51124 43684 46766 70100 84659 63397 70100 77168 56776 51041 61037 70100 100000 46555 43665 78407
63510 63239 65296 59244 100000 56426 99210 86436 76741 67739 81164 37948 89202 65283 76207 63225 70064 56771 67927 100000 87740 66081 77002 24331 63154 61382 50409 57151 87713 76716 77010 63318 56994 99645 92498 56329 25680 50467 20561 95854 50393 83789 62143 63468 63423 69813 76705 78386 51775 47390 94568 45134 50893 100000 61576 100000 84575 48860 76535 70497 76649 63231 84872 80852 100000 78528 23832 23575 72109 82064 39703 48595 51182 48796 76743 77010 69974 62999 76212 85887 89247 95159 76423 89469 63346 61692 84338 81344 62059 75972 76600 56245 50088 62008 73019 76994 23620 100000 67108 100000
70000 58596 81256 100000 44575 63151 21900 100000 78860 77727 71001 92010 99838 67671 61622 81448 58800 81312 58529 96460 100000 91593 57036 56251 73669 76897 100000 83647 56739 61589 56825 63514 81539 56337 67081 53482 11103 90134 68311 100000 100000 91166 55815 82949 78009 68375 81311 57149 100000 83411 89298 37933 86248 69015 33010 41703 100000 56364 53974 76331 70096 65143 54868 56866 92971 66428 64871 83406 100000 13924 91425 56445 53835 82176 78126 83170 58678 84805 100000 39174 84872 47264 28674 84356 100000 97522 66043 52634 84572 81600 83170 77099 60177 50871 79096 96721 55746 71071 20925 51851
74692 40420 56397 48731 53743 95511 97754 76151 70280 100000 56004 76276 50422 87219 63932 88922 93997 51389 91415 54620 47992 21918 12112 49080 95323 59954 91456 54358 82121 59351 84234 58003 75705 48058 75942 34718 39234 100000 90836 93652 47805 33880 87511 87111 56666 51080 71996 81187 54698 50282 67770 75746 26220 74859 48180 76567 83090 89812 71199 76262 84237 58654 79306 61442 53270 100000 76817 100000 89400 99072 44042 57783 89140 100000 46232 51068 92919 58079 28551 34423 84576 100000 59075 67612 100000 93198 95505 95505 78601 59545 93616 63532 60069 82524 95903 71888 92877 77431 26824 100000
37506 92728 27286 55790 83820 100000 100000 78255 58047 61502 100000 78651 57985 58082 38376 55555 51402 100000 100000 86738 53596 56328 100000 17513 98899 80629 100000 81760 79174 73012 93484 63563 93130 59782 88342 76196 47075 66457 100000 79475 100000 48444 54776 38193 55399 93487 36728 97405 44770 100000 100000 29280 37057 85733 53321 81088 87336 77129 57656 39918 61085 85104 73021 87680 85905 82782 55815 76766 13984 100000 79513 91730 59837 38215 72369 78920 54326 44718 85348 51180 49377 53239 80734 23636 78928 42855 100000 51331 26127 78689 61097 67016 84610 96452 85890 66759 30370 81552 47139 91454
55923 73587 94255 59532 11086 30045 27232 77381 38794 67075 24059 100000 44559 90268 81091 57707 59647 30218 12813 67995 71349 100000 52765 61144 90959 54768 100000 53570 84683 76654 96358 81931 100000 53558 90139 87853 74462 33444 85217 100000 100000 100000 35129 92541 24490 84017 57778 61436 85096 67487 71438 70256 51822 100000 57690 66007 100000 49737 51173 61242 29532 100000 47914 69190 55768 54352 85872 70564 100000 51553 100000 60030 57068 99785 63741 70072 34821 59574 47178 57337 82307 37943 100000 52600 68638 100000 100000 34641 100000 63566 96283 97482 38787 74599 74280 46662 100000 35739 62968 91732
78175 86921 61621 39257 86880 85981 65159 59312 82116 10662 17713 32445 29608 100000 67904 69974 66138 34451 86073 9436 100000 95881 42045 65465 100000 87552 100000 24210 29588 63205 78159 90729 56684 96665 35733 86428 20438 61824 62651 94795 100000 65890 51461 100000 90720 23572 21429 38254 36569 23112 100000 27989 67588 97350 69481 57930 29274 66630 75727 84601 61824 40406 100000 90147 94723 40224 100000 100000 100000 82902 94342 32598 13557 80378 59675 23572 100000 64440 69602 76022 68232 98998 64416 75360 48304 62595 45455 47942 100000 45350 50975 40368 43429 69498 43566 72454 1816 30264 100000 100000
72801 93009 67023 100000 13246 26335 62277 65462 100000 695 50727 7275 21579 54837 89384 72787 20481 72801 48366 73737 55063 64007 81789 43281 83858 59172 35607 100000 54288 96735 67169 93219 95514 100000 77057 62767 41053 59666 78444 17081 57503 43735 53583 21524 63416 93363 93145 85812 20388 76777 98136 100000 96578 73876 69484 62799 58006 100000 83723 70961 20375 75950 85587 69775 18066 79524 100000 52498 76415 71955 48060 55080 79859 40242 100000 20262 100000 70170 100000 82048 76930 86265 74397 44315 26110 30442 79846 30206 59764 70658 43858 76718 66702 44968 33557 100000 95577 80326 99179 100000
72995 76571 45715 67791 73489 100000 59674 75517 64827 50772 70444 73397 76433 83270 50722 96300 99860 61588 50587 79744 52560 46668 74506 89938 98896 58409 85239 100000 88879 100000 20466 100000 48989 50513 100000 35446 76646 100000 74691 72297 66025 86811 47312 91976 98830 100000 69172 55847 88280 59812 67576 100000 99364 49701 26738 35472 41268 66927 33471 97075 93223 96984 21636 46938 36079 49722 42271 50748 100000 76482 85986 69576 51745 100000 42913 20389 39821 100000 37900 81671 100000 51936 74725 78040 36998 73308 66626 79884 28886 76626 96210 71142 42035 76428 73100 100000 64013 65271 50138 52148
42696 63469 82304 73252 66967 47014 94597 62195 88340 77299 84562 73352 100000 40508 99170 69990 72716 93774 97227 71664 87564 89830 24676 100000 51413 89707 39643 38454 63698 100000 69981 40444 59238 100000 87124 82194 13512 100000 34357 28067 63348 100000 93433 99855 55489 23733 99939 99597 100000 50014 100000 66229 68129 76686 40939 100000 61839 31254 82829 100000 69962 84131 92611 49884 100000 100000 80326 83566 72833 86059 68824 61198 98650 46763 55666 61620 19075 100000 91671 21883 87508 39958 73346 94042 58568 67950 100000 35067 77625 44468 100000 78049 65739 31958 100000 36663 100000 60356 95841 53998
56100 44902 30371 100000 94444 41118 100000 61342 53508 100000 27143 98007 98561 30442 77343 43703 79675 90897 39254 39039 18697 85912 73505 40189 45579 29801 40769 61703 94192 50224 100000 87792 91375 35826 44475 43447 86773 62024 29826 69132 98878 69154 100000 70762 37499 96317 78277 100000 49420 67512 89205 95536 100000 75093 100000 82403 95626 51565 57676 73792 96360 52621 99225 63566 96238 84937 100000 44118 63881 94393 57539 93439 73610 83535 52577 56225 89394 53518 78689 86309 33131 100000 100000 100000 100000 78392 49283 64623 77290 76471 100000 42488 82137 100000 47506 100000 54569 94653 98919 65612
84496 53175 69571 54901 51261 49781 26162 45196 58568 100000 79584 66731 77379 49357 64885 61173 96493 71918 92909 90583 100000 32456 63279 74751 21379 100000 85499 63279 98763 78831 46645 47210 100000 99520 53325 100000 100000 13981 96259 100000 34317 66574 74691 55820 66771 93339 76983 58164 23916 66157 100000 95806 60118 42859 40143 92980 43429 72054 91428 92468 78762 83420 37111 65675 42720 95916 91757 53664 79382 72051 62720 89468 30062 38075 38964 46526 84009 69533 81177 55629 100000 57870 53962 64847 67929 65882 82766 53911 66152 55739 37782 55518 70695 88153 40743 40538 80248 29618 27498 25554
65433 71755 61871 92841 96400 74272 100000 35608 82183 80987 65052 53157 65541 63284 71645 46709 88276 54897 92455 55742 80924 76568 88952 100000 58795 59043 99388 100000 81104 81350 46684 72053 81586 48875 52905 99505 84019 57435 85256 16520 78460 62730 42437 89394 83733 84250 63207 86601 94630 38770 27481 23735 100000 100000 100000 86581 96886 65444 87172 84108 70100 47176 89407 84715 38788 33188 78693 21974 33979 80501 48978 89755 82302 61861 75545 70110 80760 100000 50443 59852 59116 66586 65045 31112 59458 46651 61453 86367 80321 80858 70149 84458 83893 90170 52239 64295 74869 48967 89273 77071
70000 78117 58599 81338 100000 66243 49563 14476 72634 48975 26210 51890 87285 81643 58661 71650 91232 57311 81519 93054 59940 42290 90040 38887 74835 81188 100000 97114 82750 76075 81288 82557 53576 52126 48220 82812 100000 25668 71708 100000 56907 74056 56948 55472 57430 70074 56904 58671 57620 88972 82733 17095 38428 85490 82610 68440 47179 63275 82681 65231 69899 63457 82207 50218 100000 83669 58591 66673 66579 85960 100000 45606 84999 58358 62088 84591 91318 80789 49300 45587 62679 48103 79202 42680 86991 40448 91941 90202 95399 77743 69850 63682 56553 53638 89631 94683 100000 98444 84625 56482
76763 76740 83116 93633 92454 100000 84513 50348 99566 95142 42517 94377 58653 65016 76355 76738 70655 61456 59571 46011 34992 93570 70502 97179 59461 76424 72236 78432 77811 57159 76526 76999 84801 68743 84645 57477 23629 50233 97051 19563 97645 88290 83990 61802 76716 76526 69959 76498 57894 96356 100000 93198 63303 69575 82262 88810 64952 51593 78150 76034 63473 83217 91005 64426 100000 42115 82730 20639 96912 45057 76388 47728 68459 74820 57199 70112 70212 75025 80986 100000 100000 48665 40868 40907 95029 29943 46171 59585 63705 76761 63473 63008 82855 82440 65324 56241 23542 41228 43376 99624
70125 70124 56794 69889 37622 96366 88968 100000 72909 70125 83879 100000 84328 68219 69877 69974 76675 68200 46491 79069 69927 100000 43785 20425 100000 29715 37702 70125 55316 63769 70125 62920 55192 70110 93354 82442 97261 70015 43793 70045 57596 78997 88896 70125 70117 70125 76467 70120 55891 37524 83931 70045 46733 43747 78236 56152 100000 51240 57011 70364 70225 69864 83170 93491 84448 83951 23572 93334 69874 97342 56000 100000 69874 82961 76526 70125 70124 69874 46341 46523 43649 100000 93544 100000 69953 96268 70095 51398 71738 76627 70149 70141 56781 46313 37551 100000 89247 93447 43654 70125
69736 63755 65522 76222 75221 60293 63434 100000 50459 99726 63189 74037 76813 77764 63207 69974 63876 57055 58719 92805 89328 40781 43094 42674 64382 95001 94306 40583 62975 82833 76725 76755 76748 49671 67624 29740 44974 63265 70152 95345 89508 45611 68887 88084 76562 76775 76951 74856 76737 55532 100000 23327 96720 69979 40657 28718 90600 56089 74586 76495 70100 77001 62971 51292 96519 73685 66692 64307 95171 53434 83648 90317 58823 63811 63277 77163 77019 78263 71890 94525 80587 19239 73027 89332 53635 29918 55352 81634 76564 63750 69850 77309 76732 58848 67783 97558 23405 69427 100000 61588
56802 48660 57131 47452 54483 29026 100000 87409 65800 61807 100000 100000 88476 83487 48876 56828 56464 79847 57773 27154 92750 38729 55525 71390 76001 55809 91169 58314 86271 54759 83198 76404 84810 73798 48471 72741 61283 32466 73127 100000 56965 52903 80007 70379 78057 81488 58574 82904 73721 83298 25968 82779 42446 65414 64345 31607 66851 93354 53455 56688 71806 50350 83155 79765 43037 61586 41267 58071 55890 37529 58991 69238 95305 80579 78139 54972 82772 59225 56758 38548 100000 58143 61237 20229 52931 99951 88132 55833 55686 81552 68438 64817 60136 76282 53209 45924 83979 79592 71049 83367
84237 88438 93512 55678 100000 10364 80494 76340 100000 100000 42599 88645 53036 55574 84277 69974 72005 59842 90336 59746 100000 28050 74880 31797 100000 53818 36453 93685 80034 87961 93606 68528 58817 85828 86943 97612 29440 68586 86716 44950 83508 43203 79754 85004 58874 88878 89249 85054 59613 55113 100000 65195 60084 100000 52798 100000 92943 49879 46290 55512 55762 45809 86297 81427 82424 67775 100000 64872 36519 61146 100000 95027 69528 53608 50752 70125 50448 79149 96409 95528 60470 55385 100000 32080 34123 85372 82448 84709 84777 58987 65442 56022 50651 55779 57473 72195 48985 100000 84439 100000
37475 55384 57852 54968 33601 48496 50047 68509 67242 32951 92158 30526 100000 57474 89989 84459 45470 48848 34191 54434 50993 31538 78461 69638 98463 51551 89532 100000 47944 74733 100000 92793 71248 99443 37877 46891 31416 100000 100000 100000 88524 100000 26120 91534 67748 55465 55716 43197 46416 100000 100000 100000 97043 100000 63731 78693 45544 91467 57003 74761 93504 94455 84814 95285 91725 57237 100000 88193 78416 35823 72605 81481 43146 83379 73295 69874 74192 38459 64102 100000 79238 97754 100000 32499 43053 100000 80803 44805 62038 38277 46526 77075 56813 34677 73619 43529 52660 53693 100000 37641
70000 57986 64248 54503 47768 51917 60633 54992 34185 71871 50703 70966 37258 35647 79938 96351 62957 80404 97596 100000 51672 81139 91060 71018 70402 73009 37688 64747 58985 76830 82280 76666 70275 39481 34671 49560 86949 60043 67861 46802 99007 51523 99740 31320 99856 82265 24466 41417 71340 61448 41072 14169 100000 16643 41319 57719 100000 100000 35874 66396 57719 92394 87085 84232 96772 100000 100000 20388 100000 80016 82405 19358 76153 47438 77316 56002 73981 91435 62729 78369 51813 72169 77360 83479 53194 77116 73920 95463 31213 58050 96408 78523 83545 72869 74829 52233 89390 55538 100000 86820
23555 45067 72187 81056 68745 81489 71240 100000 85463 10677 65774 83657 42878 56787 64151 97292 46345 57458 71559 55372 79970 77256 39418 100000 88470 49029 38272 69030 75975 36082 50890 63421 47435 16129 60207 77184 50909 52491 48246 86949 85547 96579 100000 77249 63987 89092 95051 74816 100000 80851 85562 44448 37851 100000 68700 1423 48381 100000 100000 100000 23487 99405 49066 34753 29951 96742 68741 100000 23494 87656 53371 100000 99485 25011 76569 97340 23663 95495 93274 100000 19299 81670 81626 98079 80314 57873 73667 48229 38105 25931 89041 23725 75011 100000 68205 53017 54362 47707 67479 52917
72779 76400 19165 100000 47194 37778 71013 49175 40966 30317 33306 52369 100000 19954 44585 100000 96988 81219 76928 52985 37128 9642 100000 26548 60892 25118 34567 35503 68692 50297 46608 50435 100000 59625 81611 100000 75543 78760 26127 39188 68011 100000 63541 55347 100000 20381 67220 100000 71732 100000 100000 99920 39006 96073 100000 57213 76452 63171 70296 89552 96154 100000 66231 65836 92761 25752 39597 40993 100000 93991 73815 100000 72803 100000 93287 43746 13458 53654 81598 73685 69827 92707 67220 100000 56669 100000 18969 48454 29679 99089 20381 50486 79561 64687 91388 100000 92408 100000 55455 44515
70000 20762 100000 100000 82834 56088 71209 88291 30168 100000 33250 58323 100000 58282 69864 43713 100000 81370 88370 77414 85666 100000 61849 67910 100000 67105 72881 25325 100000 93579 96305 50496 88658 87810 77526 63235 86740 35174 100000 78556 10845 100000 32645 67252 50284 96358 72978 39918 54761 59812 55060 77633 49698 100000 75174 63090 61924 62071 94328 43164 73017 100000 88852 55092 65781 80084 98610 62795 45051 25818 50622 67522 100000 100000 46881 70125 17445 82061 21061 100000 92321 45589 65684 73017 89517 72834 61035 68056 71955 70835 96218 70216 55280 29472 45318 49458 78969 42478 56849 14807
97303 66095 74222 49306 82189 55497 67470 22714 75338 73883 91070 49409 100000 97686 93219 88954 46627 55649 92462 26574 30411 76752 79579 65736 54723 81774 100000 22132 75550 67467 69949 55790 24651 62617 78358 31842 76032 100000 56669 54334 81049 65585 79090 100000 21920 70074 48361 21302 66390 92852 60312 94557 73710 74461 40912 94747 93867 100000 96811 57135 78358 61823 23659 70601 38460 48318 54198 51791 47901 94663 100000 43537 70201 39123 100000 70046 59267 58394 50147 74465 47646 89368 80727 23094 100000 35757 97972 78842 39928 94823 100000 58828 16788 92101 100000 100000 69899 53613 100000 83209
56118 78452 76395 75225 83483 34088 51035 76240 79894 100000 74242 46309 29915 56854 86132 43710 62831 78716 35037 100000 100000 34503 72681 50599 93408 24540 29824 64912 35016 89193 70050 89041 91884 18404 48071 100000 31692 9267 75065 100000 72541 53846 69419 36058 100000 82473 76614 71995 40490 85987 66100 100000 63633 99283 86496 77266 69045 78670 57551 89595 56060 45032 100000 49148 568 83424 87632 53533 64628 57147 65929 60708 27669 59046 29775 82413 63062 83795 65251 20868 79167 97144 59889 68843 100000 20294 58380 45723 56603 89235 29824 78383 81164 72197 76018 93766 67088 44852 62302 74768
93334 55469 91477 100000 63396 44668 75579 37045 51797 63809 75567 45445 56078 68132 84206 61188 84928 57548 45356 91750 84753 85017 53040 70409 39111 56736 100000 100000 44584 100000 93328 92552 91676 49299 60193 63828 69637 61464 67356 73812 73517 100000 63690 71579 100000 100000 37654 92988 95797 100000 61849 76793 17920 93433 81851 37299 56178 40602 82351 56341 70100 47446 83457 61894 37180 39308 70723 54428 59234 100000 87747 53312 77945 70056 36957 46650 40163 41382 44164 66108 99315 48717 69782 73801 51846 66305 38857 75508 58912 63695 93352 47584 48944 87166 86563 95293 41685 66123 58339 42886
74553 80619 87445 81066 59786 83932 73531 57999 100000 27268 96510 96191 84466 97404 76357 88725 67991 76970 53600 43040 53817 100000 100000 85747 100000 100000 100000 86341 76900 76092 93232 46557 45673 40199 100000 51235 85382 96252 33995 69664 67017 88407 76105 41826 72000 51339 62465 55922 73255 93265 31615 65951 36619 58772 100000 98695 100000 39490 52335 93439 46720 89266 95174 58954 58030 39065 91800 67476 71922 79905 77387 63136 96260 94516 55896 65328 75689 86515 65443 79600 100000 55184 72395 94272 28523 65980 100000 82563 90500 76709 88718 58809 63604 28124 64705 100000 62891 95537 72270 100000
70000 74913 94956 87819 50364 100000 87079 49443 41436 93356 56212 43764 53005 73303 58804 84558 52408 57115 45830 68406 89297 61917 95108 55595 62461 43384 48831 90801 57453 82813 82890 83026 82713 35062 45640 20257 29856 55502 88122 95017 100000 28549 100000 57785 62166 68308 64981 41626 57466 55171 100000 56695 15405 91148 40901 92470 48330 74036 42682 81524 58775 63003 86122 53798 83381 100000 45722 58422 56579 98929 82044 58601 83384 96795 58798 81323 84897 84841 53467 71261 100000 73995 52623 70822 24612 22140 88738 83468 85844 56736 81470 81556 57078 51169 33383 93292 59249 32120 49767 87689
69765 57096 78720 76267 84400 97608 100000 76539 99382 82342 28443 85273 55690 74752 70106 76711 76216 62304 61406 76421 82518 53576 100000 70861 67732 100000 67588 52830 76765 76233 63447 70051 76473 59124 54629 50796 40716 20268 100000 86450 76652 50588 64451 81307 63690 63806 63493 65274 51288 37804 66141 84651 63648 20371 72536 52438 72894 70956 58445 69945 70133 77027 78295 75945 49840 90778 71694 100000 71064 94718 59595 98439 78175 74957 82726 69875 63509 76207 46185 55400 89168 100000 73373 69015 94952 95098 56506 64002 62271 57027 70149 76586 87681 99566 100000 49282 61738 72758 41073 84309
70149 70100 81413 84068 46597 29661 97247 100000 72909 23614 96301 79055 93456 70143 76872 70149 69897 58571 70132 100000 57670 78230 43704 46762 88867 83809 69850 88797 71506 63155 69900 69893 82983 84229 100000 82167 100000 43795 72868 89101 84089 93526 70149 81515 63423 70149 76983 56999 93442 78864 56061 50743 93409 93209 23613 55961 70149 55955 57016 76789 70149 70111 56823 46515 93459 57675 61824 72867 72976 23686 70149 61262 46695 70149 63324 70149 70149 58514 65152 84459 70086 97354 72779 96218 69850 82413 100000 74412 57208 63732 69850 77067 58492 69850 37441 56033 70053 46650 46598 88824
69733 77048 58884 46625 85509 94951 48422 99432 63206 100000 90680 92754 46745 52004 76783 70025 62807 54970 51863 98548 47686 100000 42925 100000 55339 88955 48788 71578 48648 62932 69683 63738 83254 83561 99891 77310 23698 100000 40249 72522 87687 64577 71896 65171 62918 70191 56807 62091 51522 65128 52248 45235 93119 69396 76703 50486 74965 83730 63455 83599 70366 56480 89903 84135 73059 64277 84418 50578 47787 53256 45454 75405 51735 50565 63293 62932 83765 90003 93901 67130 90821 99420 86335 16715 59178 36848 67083 56130 74477 63764 76535 63484 81727 46758 45779 90610 73178 72793 96889 63435
84937 62955 55107 64841 81164 29402 88026 21339 98650 23031 81029 93475 48785 54185 61677 71692 61402 59266 60481 84862 46292 100000 72655 75141 97675 80947 57118 100000 82232 84868 69951 58486 55642 85455 84681 46152 100000 77606 91685 74768 96085 50191 57060 84320 50266 84866 78272 79846 79956 38471 55263 100000 65241 80574 99913 100000 84350 83611 84347 54931 56682 48530 82751 75929 47044 80850 54482 66001 68055 26563 55851 83860 53736 60024 84571 71839 48421 57621 84237 100000 65530 67020 99449 100000 65109 100000 100000 89411 57273 58725 83218 91528 59020 66769 100000 51627 61405 84558 89785 39253
46313 70905 78715 45811 46707 99333 29499 100000 67434 55886 74742 63973 56461 43291 78219 88963 93978 75227 87559 43711 76952 80957 81161 100000 92074 43807 58093 93592 100000 75604 93733 56741 85119 50284 38275 62267 56719 100000 89616 98950 100000 87219 90197 50888 52386 84318 55845 76052 64824 99684 98748 66926 82251 89837 59532 48517 30008 29857 54584 89543 93591 77583 60542 83089 89016 100000 71964 61050 42113 68381 91731 49181 32558 83230 71467 74603 77036 49029 62422 46953 63873 60417 100000 100000 21216 62881 100000 61087 83382 88300 84243 59060 86097 98128 99365 24976 70483 38600 64174 26374
37441 61341 45081 92778 71962 40444 100000 55101 60643 60382 53318 100000 86341 39344 63181 70025 100000 79934 90183 55427 28996 100000 92281 100000 73456 56551 73102 100000 34383 47555 93544 76516 92620 88041 64208 100000 100000 75607 65457 9515 100000 97322 52403 89867 92473 69943 100000 73463 94422 89564 65479 12503 20393 63360 85225 42794 54158 78689 49162 73107 55544 53268 93881 33701 100000 96565 33969 55197 22775 38285 81477 99460 48839 94391 43428 55559 63053 85920 100000 94609 16216 100000 44323 55800 100000 88503 78799 47332 50826 55808 93394 45625 100000 78162 55256 88748 64703 56601 100000 37441
82268 29519 66605 97598 79447 41013 96177 69415 53529 69812 3275 51425 93508 84363 47553 69974 36978 84966 64804 82367 48126 60794 53625 92227 91047 66079 93054 41265 99598 57869 82228 29497 79916 62211 45047 82586 100000 37565 100000 52130 80143 21512 34467 43065 100000 43599 47371 95172 100000 100000 93819 25267 100000 99638 56585 76718 100000 70459 97091 50728 100000 49434 95660 61152 11004 73042 69108 80042 73152 47075 57744 56349 88003 72087 59298 70125 61013 39711 51351 100000 68481 78352 93110 50789 43393 100000 48033 95600 92706 34824 57582 83792 77449 74542 38156 74451 88679 100000 100000 62144
78138 100000 42913 63746 84651 70755 61931 67233 43876 100000 89951 65917 29266 75446 72185 50855 21571 65375 100000 42280 100000 36708 100000 100000 34431 60768 83730 100000 78524 72689 23553 80147 91444 100000 72311 81877 70360 89222 75515 84410 52590 75200 47655 79364 99577 89111 53111 58540 54078 38521 92121 72560 58421 89897 100000 100000 62021 76281 60977 95451 42735 67772 65103 19378 99198 24596 100000 89537 67055 100000 9867 25883 100000 64602 93759 89077 99602 23368 41819 46126 65448 85624 42828 66014 86415 79962 34103 28097 48094 99170 78090 19142 96052 61202 100000 13488 93016 100000 24420 100000
93432 69251 100000 72946 86286 58761 95520 33460 46706 33858 85250 38121 98669 94285 76316 46592 99244 16351 44856 86751 100000 86818 76116 64128 66677 69573 88683 33471 40503 69126 100000 92960 54390 78684 42277 74018 100000 64514 31977 69160 35089 82475 39827 78336 46532 43841 70873 80947 96404 82012 72309 79394 52584 29500 96828 89759 38403 98382 67241 44480 46579 100000 36592 91295 47590 100000 74470 10393 69035 77273 74766 50036 100000 39072 72514 20376 41001 87007 78708 100000 22047 20591 94948 99250 54365 55322 77233 32059 57283 67358 93349 70849 67499 21621 61400 100000 45802 93105 65723 56279
73038 92171 100000 51165 59737 63525 100000 33429 40027 100000 91192 40884 100000 100000 40331 46762 94069 73766 36157 30681 25931 89326 10238 39926 76700 63470 100000 40306 100000 100000 70006 67050 59819 20830 65285 23902 91160 89921 68705 64568 66622 64055 74392 84212 95400 96323 20400 91752 50564 100000 78061 38093 61536 84790 70784 100000 84720 100000 48669 73038 73082 92338 88806 71109 59384 75719 27304 52435 100000 75227 52192 37254 59157 33456 21672 43763 76933 100000 21219 66550 100000 83021 96806 33570 49096 86615 86333 58399 68095 73221 20457 16762 100000 100000 45309 95829 56821 56288 100000 98865
51072 100000 43249 78388 84322 95006 82784 32745 100000 100000 80944 68937 28154 99389 76428 88944 93474 28101 74417 92868 0 100000 79602 88538 56604 100000 72558 98985 47638 82593 69949 91382 92274 95132 61360 100000 100000 38315 19502 91781 97635 100000 36041 78618 72609 97377 95504 100000 62068 56420 51541 100000 24798 37700 67113 83808 100000 83101 56143 21738 23769 59365 58773 100000 100000 81847 95709 67675 62012 100000 85900 69472 92283 19068 44813 61663 72823 48933 64720 100000 100000 100000 64475 73573 59864 62663 38335 63297 79081 53418 97452 66210 78208 100000 80783 89447 49772 100000 65337 100000
