100 100
70000 71592 73161 74686 76148 77531 78819 80001 81065 82002 82806 83470 83990 84365 84593 84674 84610 84405 84061 83584 82980 82256 81419 80480 79445 78327 77134 75878 74571 73224 71848 70456 69060 67672 66305 64970 63679 62444 61276 60185 59183 58278 57479 56796 56235 55804 55507 55350 55336 55468 55747 56173 56743 57456 58307 59289 60395 61615 62937 64349 65835 67378 68957 70552 72158 73790 75466 77195 78984 80837 82752 84727 86756 88831 90943 93079 95227 97374 99505 100000 100000 100000 100000 100000 100000 100000 100000 100000 100000 100000 100000 100000 100000 100000 100000 100000 100000 100000 100000 100000
70000 71592 73161 74686 76148 77531 78819 80001 81065 82002 82805 83470 83990 84365 84593 84674 84610 84404 84060 83583 82979 82255 81419 80479 79444 78326 77133 75877 74569 73222 71846 70454 69058 67670 66303 64968 63677 62442 61273 60183 59180 58275 57476 56793 56232 55800 55504 55347 55333 55465 55743 56169 56739 57452 58303 59285 60391 61611 62933 64345 65831 67374 68953 70549 72153 73786 75460 77186 78972 80819 82727 84692 86710 88772 90868 92986 95114 97238 99344 100000 100000 100000 100000 100000 100000 100000 100000 100000 100000 100000 100000 100000 100000 100000 100000 100000 100000 100000 100000 100000
70000 71592 73161 74686 76148 77530 78819 80000 81064 82001 82805 83468 83989 84363 84591 84671 84607 84401 84056 83579 82974 82249 81412 80472 79437 78317 77124 75867 74559 73211 71834 70441 69044 67656 66288 64952 63660 62424 61255 60164 59160 58255 57456 56772 56210 55778 55481 55323 55309 55441 55719 56144 56714 57427 58277 59259 60365 61585 62907 64319 65805 67348 68927 70522 72127 73759 75431 77155 78937 80778 82679 84635 86642 88690 90770 92870 94978 97079 99159 100000 100000 100000 100000 100000 100000 100000 100000 100000 100000 100000 100000 100000 100000 100000 100000 100000 100000 100000 100000 100000
70000 71592 73161 74686 76148 77530 78818 80000 81063 82000 82803 83466 83985 84359 84585 84665 84600 84392 84046 83567 82961 82235 81396 80454 79417 78296 77101 75842 74532 73182 71803 70408 69009 67619 66249 64911 63617 62379 61208 60115 59110 58203 57402 56717 56154 55720 55422 55263 55248 55378 55656 56080 56650 57362 58212 59193 60299 61518 62841 64252 65738 67281 68860 70455 72060 73691 75362 77083 78860 80696 82589 84536 86531 88566 90629 92711 94798 96876 98931 100000 100000 100000 100000 100000 100000 100000 100000 100000 100000 100000 100000 100000 100000 100000 100000 100000 100000 100000 100000 100000
70000 71592 73161 74685 76147 77530 78817 79998 81061 81997 82799 83461 83979 84351 84576 84654 84586 84377 84028 83547 82938 82209 81367 80422 79382 78257 77058 75796 74482 73128 71746 70348 68945 67551 66177 64836 63538 62297 61123 60026 59018 58107 57304 56615 56050 55614 55313 55152 55135 55264 55539 55962 56531 57242 58091 59071 60176 61395 62717 64129 65615 67157 68736 70332 71936 73566 75236 76954 78727 80557 82443 84380 86363 88383 90430 92493 94558 96612 98641 100000 100000 100000 100000 100000 100000 100000 100000 100000 100000 100000 100000 100000 100000 100000 100000 100000 100000 100000 100000 100000
70000 71592 73161 74685 76147 77529 78816 79996 81058 81992 82793 83453 83969 84339 84561 84636 84565 84352 84000 83515 82901 82168 81322 80371 79326 78196 76992 75725 74405 73045 71657 70253 68845 67445 66065 64718 63415 62169 60989 59887 58874 57959 57150 56458 55888 55448 55144 54979 54959 55085 55358 55779 56345 57054 57902 58882 59985 61204 62525 63937 65422 66964 68544 70139 71743 73373 75041 76756 78525 80349 82226 84154 86124 88130 90160 92203 94246 96276 98278 100000 100000 100000 100000 100000 100000 100000 100000 100000 100000 100000 100000 100000 100000 100000 100000 100000 100000 100000 100000 100000
70000 71592 73160 74685 76146 77527 78814 79993 81053 81986 82784 83442 83955 84321 84540 84611 84536 84318 83960 83469 82850 82110 81257 80300 79248 78111 76899 75624 74296 72929 71533 70120 68704 67296 65908 64553 63243 61988 60801 59692 58672 57750 56935 56236 55661 55215 54906 54737 54712 54834 55103 55521 56084 56791 57637 58615 59717 60935 62255 63666 65151 66693 68273 69868 71472 73101 74767 76480 78244 80062 81931 83848 85806 87796 89808 91831 93852 95857 97831 99760 100000 100000 100000 100000 100000 100000 100000 100000 100000 100000 100000 100000 100000 100000 100000 100000 100000 100000 100000 100000
70000 71592 73160 74685 76145 77526 78811 79989 81047 81978 82773 83427 83937 84299 84512 84578 84497 84272 83908 83410 82783 82034 81173 80207 79145 77998 76777 75491 74154 72775 71369 69946 68519 67100 65702 64336 63016 61751 60554 59436 58406 57475 56652 55945 55361 54909 54593 54417 54387 54503 54768 55182 55742 56445 57288 58264 59365 60581 61901 63311 64796 66337 67917 69512 71116 72744 74408 76118 77878 79689 81549 83455 85400 87375 89369 91371 93369 95347 97293 99191 100000 100000 100000 100000 100000 100000 100000 100000 100000 100000 100000 100000 100000 100000 100000 100000 100000 100000 100000 100000
70000 71592 73160 74684 76144 77524 78808 79983 81039 81967 82759 83409 83914 84270 84478 84536 84448 84216 83843 83335 82698 81940 81067 80090 79017 77858 76624 75326 73975 72584 71164 69727 68287 66855 65444 64065 62732 61454 60245 59115 58073 57131 56297 55580 54987 54526 54201 54018 53980 54090 54349 54758 55313 56013 56852 57825 58924 60138 61457 62866 64350 65892 67471 69066 70670 72297 73960 75667 77421 79226 81077 82972 84903 86862 88837 90818 92791 94743 96660 98526 100000 100000 100000 100000 100000 100000 100000 100000 100000 100000 100000 100000 100000 100000 100000 100000 100000 100000 100000 100000
70000 71592 73160 74684 76143 77521 78804 79977 81030 81954 82742 83387 83886 84236 84436 84487 84389 84147 83764 83245 82597 81826 80940 79949 78862 77688 76439 75126 73760 72352 70917 69464 68008 66560 65133 63738 62389 61097 59873 58728 57673 56717 55870 55141 54536 54064 53729 53536 53490 53592 53845 54246 54796 55491 56327 57297 58393 59605 60922 62330 63814 65355 66935 68530 70133 71759 73420 75124 76873 78670 80513 82396 84313 86255 88211 90170 92118 94043 95929 97763 99530 100000 100000 100000 100000 100000 100000 100000 100000 100000 100000 100000 100000 100000 100000 100000 100000 100000 100000 100000
70000 71592 73160 74683 76142 77519 78799 79970 81020 81939 82722 83361 83853 84196 84387 84429 84321 84067 83672 83140 82478 81692 80791 79784 78680 77490 76223 74892 73507 72082 70627 69156 67681 66214 64768 63356 61988 60678 59437 58275 57203 56232 55370 54627 54009 53523 53177 52973 52917 53010 53254 53648 54191 54881 55712 56678 57771 58980 60296 61703 63186 64727 66306 67901 69505 71130 72789 74489 76233 78023 79856 81727 83629 85554 87490 89426 91349 93246 95101 96902 98633 100000 100000 100000 100000 100000 100000 100000 100000 100000 100000 100000 100000 100000 100000 100000 100000 100000 100000 100000
70000 71591 73160 74682 76140 77515 78794 79961 81007 81923 82699 83332 83816 84150 84332 84362 84242 83976 83567 83020 82342 81539 80621 79596 78473 77263 75976 74625 73219 71773 70297 68804 67308 65819 64352 62918 61530 60200 58939 57758 56667 55678 54799 54039 53406 52906 52545 52329 52261 52344 52578 52964 53500 54183 55009 55970 57060 58267 59580 60986 62469 64009 65588 67183 68786 70411 72068 73764 75503 77285 79108 80967 82854 84761 86677 88589 90486 92354 94179 95945 97640 99249 100000 100000 100000 100000 100000 100000 100000 100000 100000 100000 100000 100000 100000 100000 100000 100000 100000 100000
70000 71591 73159 74681 76138 77512 78787 79952 80994 81904 82674 83299 83775 84099 84269 84287 84154 83873 83449 82885 82189 81368 80431 79385 78241 77009 75700 74325 72897 71426 69927 68410 66889 65377 63886 62429 61017 59664 58381 57178 56067 55058 54159 53381 52730 52214 51838 51608 51527 51598 51822 52198 52726 53402 54222 55178 56264 57468 58779 60184 61665 63205 64784 66379 67982 69605 71260 72953 74686 76461 78274 80120 81991 83880 85774 87663 89534 91372 93164 94897 96555 98124 99592 100000 100000 100000 100000 100000 100000 100000 100000 100000 100000 100000 100000 100000 100000 100000 100000 100000
70000 71591 73159 74681 76136 77508 78781 79941 80979 81883 82646 83263 83729 84042 84201 84205 84058 83761 83319 82737 82022 81180 80221 79153 77985 76729 75396 73996 72541 71045 69519 67976 66429 64890 63373 61890 60453 59074 57766 56540 55406 54374 53455 52656 51986 51452 51060 50814 50719 50777 50989 51355 51874 52542 53355 54306 55387 56588 57897 59300 60780 62320 63898 65493 67096 68719 70371 72060 73788 75554 77357 79190 81046 82915 84789 86653 88496 90305 92064 93762 95382 96912 98338 99648 100000 100000 100000 100000 100000 100000 100000 100000 100000 100000 100000 100000 100000 100000 99669 98258
70000 71591 73159 74680 76134 77503 78773 79930 80962 81860 82616 83224 83680 83981 84126 84116 83953 83638 83178 82576 81840 80976 79993 78901 77708 76426 75066 73638 72156 70631 69077 67505 65929 64362 62816 61305 59840 58434 57100 55848 54689 53633 52691 51870 51180 50626 50215 49953 49842 49886 50085 50440 50949 51609 52415 53360 54436 55634 56940 58341 59820 61359 62938 64533 66135 67757 69407 71092 72814 74572 76364 78184 80023 81874 83725 85565 87381 89159 90886 92547 94130 95620 97005 98270 99406 100000 100000 100000 100000 100000 100000 100000 100000 100000 100000 100000 100000 98891 97603 96156
70000 71591 73158 74678 76131 77499 78766 79918 80945 81836 82583 83182 83627 83915 84047 84021 83840 83508 83027 82404 81645 80757 79750 78631 77411 76101 74712 73256 71744 70189 68603 67001 65394 63796 62220 60678 59184 57749 56386 55107 53921 52839 51872 51028 50316 49741 49311 49031 48903 48932 49118 49461 49959 50610 51408 52347 53418 54612 55915 57314 58792 60331 61909 63504 65107 66727 68375 70056 71772 73522 75303 77109 78932 80764 82592 84407 86195 87942 89636 91262 92806 94257 95599 96821 97912 98859 99655 100000 100000 100000 100000 100000 100000 100000 99760 98951 97964 96805 95479 93997
70000 71591 73158 74677 76129 77494 78757 79905 80926 81810 82549 83137 83570 83846 83962 83920 83722 83369 82867 82222 81439 80526 79492 78346 77097 75758 74338 72851 71307 69720 68102 66467 64828 63198 61589 60016 58490 57025 55632 54322 53108 52000 51007 50138 49402 48805 48355 48055 47910 47923 48095 48425 48912 49553 50343 51275 52341 53531 54831 56228 57705 59243 60821 62416 64018 65638 67283 68960 70670 72412 74181 75973 77780 79592 81399 83188 84947 86664 88324 89914 91421 92831 94131 95310 96356 97258 98006 98594 99012 99256 99320 99202 98900 98413 97744 96894 95867 94670 93310 91794
70000 71591 73158 74676 76126 77489 78749 79892 80907 81783 82513 83091 83512 83773 83874 83815 83597 83224 82700 82031 81223 80284 79222 78047 76769 75398 73947 72427 70850 69230 67578 65909 64236 62572 60929 59323 57764 56266 54842 53502 52258 51121 50101 49206 48446 47826 47354 47034 46871 46867 47024 47341 47816 48447 49229 50154 51214 52399 53697 55092 56567 58105 59683 61278 62879 64498 66141 67814 69517 71250 73009 74787 76577 78369 80153 81917 83648 85333 86960 88514 89983 91353 92612 93747 94748 95605 96308 96849 97221 97418 97437 97274 96928 96399 95687 94798 93734 92501 91107 89561
70000 71591 73157 74675 76123 77484 78740 79878 80887 81755 82476 83042 83451 83698 83783 83705 83468 83074 82527 81834 81000 80033 78943 77738 76428 75026 73542 71988 70377 68722 67035 65331 63622 61923 60246 58604 57012 55481 54023 52652 51378 50211 49163 48241 47455 46811 46317 45977 45795 45773 45914 46217 46681 47301 48074 48992 50047 51227 52521 53914 55389 56925 58503 60098 61700 63317 64958 66626 68324 70048 71795 73559 75332 77105 78866 80604 82307 83961 85554 87073 88504 89834 91051 92144 93102 93914 94572 95067 95394 95546 95521 95314 94925 94355 93604 92677 91578 90312 88887 87313
70000 71591 73157 74674 76120 77478 78731 79864 80866 81727 82438 82993 83388 83621 83689 83593 83336 82920 82350 81631 80770 79776 78656 77420 76079 74644 73126 71538 69891 68201 66478 64738 62993 61257 59544 57867 56240 54674 53184 51780 50474 49277 48200 47251 46438 45770 45253 44891 44690 44651 44776 45065 45516 46126 46890 47800 48849 50025 51316 52706 54179 55715 57293 58888 60489 62105 63744 65408 67099 68815 70550 72300 74057 75809 77548 79260 80935 82558 84118 85601 86995 88286 89462 90513 91428 92196 92810 93261 93543 93652 93584 93335 92906 92296 91509 90546 89413 88117 86664 85064
70000 71591 73157 74673 76117 77473 78721 79850 80845 81697 82399 82943 83325 83542 83593 83479 83202 82763 82169 81425 80537 79514 78364 77097 75724 74255 72703 71080 69398 67671 65912 64135 62353 60580 58831 57118 55455 53855 52330 50893 49555 48328 47221 46244 45405 44712 44171 43788 43567 43510 43619 43893 44332 44931 45685 46588 47631 48802 50090 51478 52950 54485 56063 57657 59258 60873 62509 64170 65854 67561 69285 71021 72760 74493 76209 77896 79543 81136 82663 84111 85467 86720 87856 88866 89738 90464 91035 91443 91683 91750 91640 91351 90883 90237 89414 88418 87255 85930 84452 82829
70000 71591 73156 74671 76115 77467 78712 79835 80824 81668 82360 82892 83261 83463 83497 83364 83066 82606 81987 81217 80302 79250 78070 76772 75366 73864 72277 70618 68900 67137 65341 63527 61708 59898 58112 56363 54664 53029 51470 49999 48630 47371 46234 45229 44363 43645 43081 42676 42435 42360 42452 42712 43138 43726 44471 45367 46403 47570 48854 50240 51710 53245 54822 56417 58018 59632 61265 62921 64600 66298 68011 69733 71455 73168 74862 76524 78143 79706 81200 82614 83933 85148 86245 87215 88046 88730 89259 89626 89825 89852 89703 89376 88872 88191 87335 86309 85118 83767 82267 80624
70000 71591 73156 74670 76112 77461 78703 79821 80803 81639 82321 82841 83197 83384 83401 83250 82931 82448 81806 81010 80068 78987 77777 76447 75009 73473 71851 70157 68403 66603 64771 62919 61063 59217 57394 55609 53874 52203 50610 49107 47705 46415 45249 44215 43323 42579 41992 41565 41304 41211 41287 41532 41945 42523 43259 44146 45177 46339 47620 49003 50472 52006 53584 55178 56779 58392 60023 61674 63346 65036 66738 68446 70151 71845 73516 75154 76745 78278 79741 81121 82405 83583 84642 85572 86364 87008 87497 87824 87984 87972 87786 87424 86885 86172 85286 84232 83016 81643 80122 78463
70000 71591 73156 74669 76109 77456 78693 79806 80782 81610 82282 82791 83133 83305 83306 83136 82797 82292 81626 80805 79835 78726 77486 76125 74654 73085 71430 69700 67911 66075 64206 62318 60425 58542 56683 54861 53091 51386 49759 48223 46789 45468 44273 43211 42292 41524 40913 40465 40184 40073 40133 40364 40765 41331 42058 42938 43962 45120 46397 47779 49246 50780 52357 53952 55552 57164 58792 60440 62105 63786 65477 67171 68860 70535 72184 73797 75362 76866 78298 79645 80895 82036 83058 83951 84704 85310 85761 86050 86173 86125 85904 85508 84938 84195 83281 82203 80963 79571 78034 76360
70000 71591 73155 74668 76106 77451 78684 79792 80761 81582 82244 82742 83071 83229 83213 83024 82665 82138 81449 80603 79607 78470 77201 75809 74307 72705 71016 69252 67428 65556 63651 61728 59799 57880 55985 54128 52323 50584 48924 47355 45890 44539 43315 42226 41281 40488 39855 39385 39085 38956 39000 39218 39606 40161 40879 41752 42771 43923 45198 46577 48043 49576 51153 52747 54347 55958 57584 59228 60887 62560 64240 65920 67593 69249 70877 72466 74005 75481 76882 78197 79413 80520 81507 82363 83080 83649 84063 84316 84404 84322 84068 83641 83042 82272 81334 80233 78975 77566 76015 74331
70000 71591 73155 74666 76103 77445 78675 79778 80741 81554 82207 82694 83011 83154 83122 82916 82537 81989 81277 80407 79385 78221 76923 75502 73969 72335 70613 68817 66958 65052 63112 61154 59190 57236 55306 53415 51577 49804 48112 46511 45015 43636 42383 41267 40297 39481 38825 38336 38016 37870 37899 38103 38479 39024 39733 40599 41612 42760 44031 45408 46873 48405 49982 51577 53176 54786 56410 58049 59703 61367 63036 64703 66361 67998 69605 71171 72684 74133 75505 76788 77973 79046 79998 80820 81502 82036 82416 82636 82690 82577 82293 81838 81212 80418 79458 78338 77063 75641 74079 72388
70000 71591 73154 74665 76100 77440 78667 79765 80722 81527 82171 82648 82953 83082 83035 82811 82414 81846 81112 80218 79172 77981 76656 75207 73644 71979 70226 68397 66506 64567 62593 60601 58604 56616 54653 52729 50858 49053 47329 45699 44174 42766 41486 40345 39350 38511 37834 37325 36987 36825 36839 37029 37393 37929 38630 39488 40496 41640 42908 44283 45746 47278 48854 50449 52048 53657 55279 56914 58562 60217 61876 63531 65173 66792 68379 69923 71411 72833 74177 75431 76584 77625 78545 79334 79983 80484 80832 81020 81044 80901 80589 80109 79460 78644 77666 76530 75241 73809 72240 70544
70000 71591 73154 74664 76098 77435 78659 79753 80704 81502 82138 82604 82897 83013 82951 82712 82297 81709 80954 80038 78968 77753 76402 74925 73334 71640 69857 67997 66075 64104 62099 60074 58045 56025 54030 52075 50172 48338 46584 44925 43372 41937 40632 39466 38448 37587 36890 36361 36007 35829 35828 36006 36359 36885 37578 38430 39432 40572 41837 43210 44673 46204 47780 49375 50974 52582 54201 55832 57474 59122 60770 62412 64039 65642 67209 68731 70196 71592 72909 74134 75258 76269 77158 77915 78533 79004 79321 79480 79476 79307 78970 78467 77797 76963 75969 74820 73521 72081 70508 68812
70000 71591 73154 74663 76096 77431 78651 79741 80687 81478 82106 82563 82845 82949 82873 82618 82186 81580 80806 79869 78777 77538 76162 74659 73042 71321 69509 67621 65669 63668 61633 59578 57518 55469 53444 51458 49527 47664 45882 44195 42616 41156 39827 38637 37598 36717 36000 35454 35083 34890 34876 35042 35385 35902 36587 37433 38430 39567 40829 42200 43662 45192 46768 48363 49962 51568 53185 54813 56449 58089 59728 61358 62970 64556 66105 67606 69048 70420 71710 72909 74004 74987 75847 76575 77163 77605 77895 78027 77998 77804 77446 76922 76235 75385 74379 73219 71914 70470 68896 67202
70000 71591 73153 74662 76093 77427 78644 79730 80671 81456 82076 82524 82796 82889 82800 82531 82083 81461 80668 79711 78599 77338 75939 74413 72770 71023 69186 67271 65291 63263 61200 59117 57029 54951 52898 50885 48927 47037 45229 43517 41914 40430 39078 37868 36808 35907 35173 34610 34224 34018 33992 34146 34480 34988 35667 36507 37499 38632 39892 41261 42721 44251 45827 47422 49021 50626 52241 53865 55496 57129 58758 60376 61975 63544 65075 66556 67976 69325 70591 71764 72833 73789 74621 75322 75884 76299 76564 76671 76619 76404 76027 75486 74783 73922 72905 71739 70430 68985 67413 65724
70000 71591 73153 74661 76091 77423 78637 79720 80656 81435 82049 82489 82752 82834 82733 82451 81989 81351 80542 79567 78435 77155 75735 74187 72521 70751 68890 66950 64946 62892 60803 58695 56581 54477 52399 50361 48377 46463 44632 42897 41270 39765 38393 37162 36084 35166 34416 33838 33438 33219 33181 33326 33651 34152 34823 35658 36646 37776 39033 40401 41860 43390 44966 46560 48159 49764 51377 52997 54622 56248 57868 59475 61060 62615 64128 65590 66990 68317 69560 70708 71753 72683 73490 74166 74703 75095 75336 75422 75349 75116 74722 74166 73452 72581 71558 70388 69077 67634 66068 64387
70000 71591 73153 74660 76089 77419 78632 79711 80643 81417 82024 82458 82712 82784 82673 82379 81904 81252 80428 79437 78289 76990 75551 73983 72298 70507 68624 66662 64635 62558 60447 58315 56178 54051 51950 49889 47883 45947 44094 42338 40692 39168 37776 36528 35433 34500 33734 33143 32731 32500 32452 32588 32905 33399 34065 34895 35879 37006 38261 39628 41086 42615 44191 45786 47384 48988 50599 52216 53836 55455 57066 58662 60235 61775 63272 64716 66096 67402 68624 69750 70771 71678 72462 73115 73629 73999 74220 74286 74196 73947 73539 72972 72249 71371 70344 69173 67865 66427 64869 63199
70000 71591 73153 74660 76088 77416 78626 79703 80631 81401 82003 82430 82677 82741 82620 82316 81830 81166 80328 79323 78160 76845 75390 73805 72101 70292 68389 66408 64362 62265 60133 57981 55823 53676 51555 49474 47449 45493 43621 41847 40183 38642 37234 35971 34861 33914 33135 32532 32109 31868 31812 31939 32249 32737 33398 34224 35205 36329 37582 38947 40405 41934 43509 45104 46702 48305 49914 51528 53144 54756 56359 57945 59506 61032 62513 63941 65303 66590 67791 68896 69896 70781 71544 72176 72670 73021 73223 73273 73168 72906 72486 71911 71181 70300 69272 68103 66800 65370 63822 62167
70000 71591 73153 74659 76086 77414 78622 79696 80621 81387 81984 82406 82647 82703 82575 82262 81766 81091 80243 79226 78049 76721 75252 73652 71933 70108 68189 66191 64128 62014 59865 57695 55521 53356 51218 49120 47077 45105 43218 41428 39749 38193 36771 35494 34372 33413 32624 32010 31578 31328 31264 31385 31689 32172 32828 33651 34629 35751 37002 38366 39824 41352 42927 44522 46120 47722 49329 50940 52551 54157 55752 57329 58878 60391 61859 63270 64615 65884 67066 68153 69133 69999 70742 71355 71831 72165 72352 72387 72270 71997 71570 70988 70255 69373 68347 67183 65887 64468 62934 61296
70000 71591 73152 74659 76085 77411 78618 79690 80613 81376 81969 82386 82622 82673 82538 82218 81714 81031 80173 79146 77959 76620 75139 73527 71795 69957 68025 66014 63937 61809 59645 57461 55272 53094 50941 48829 46773 44787 42886 41084 39392 37824 36391 35104 33971 33002 32204 31582 31142 30886 30815 30930 31229 31708 32361 33180 34156 35276 36527 37890 39347 40875 42450 44045 45642 47244 48849 50457 52064 53664 55252 56819 58358 59859 61313 62710 64039 65291 66457 67525 68488 69336 70062 70658 71119 71438 71611 71635 71508 71227 70794 70209 69475 68595 67574 66417 65132 63726 62208 60589
70000 71591 73152 74658 76084 77410 78616 79686 80607 81367 81958 82371 82603 82649 82510 82184 81674 80984 80118 79084 77889 76541 75052 73430 71689 69841 67899 65877 63789 61650 59476 57281 55081 52891 50727 48605 46538 44542 42631 40818 39117 37540 36098 34802 33662 32685 31880 31252 30805 30544 30468 30579 30874 31350 32000 32817 33791 34910 36159 37522 38978 40506 42081 43676 45274 46874 48478 50083 51686 53281 54861 56420 57949 59439 60881 62264 63579 64816 65965 67018 67965 68797 69508 70090 70537 70843 71006 71021 70886 70600 70164 69578 68846 67970 66956 65809 64536 63146 61647 60049
70000 71591 73152 74658 76084 77409 78614 79683 80603 81361 81950 82361 82590 82633 82490 82160 81646 80951 80081 79041 77841 76487 74991 73363 71615 69760 67811 65781 63686 61540 59358 57155 54947 52750 50579 48449 46374 44371 42453 40633 38926 37342 35894 34592 33446 32465 31655 31022 30571 30306 30227 30335 30628 31101 31749 32565 33538 34656 35904 37266 38722 40250 41825 43420 45017 46617 48219 49822 51421 53011 54585 56136 57656 59135 60565 61936 63238 64461 65597 66635 67568 68386 69084 69653 70089 70385 70539 70547 70407 70118 69681 69097 68369 67500 66495 65361 64103 62731 61252 59677
70000 71591 73152 74658 76084 77408 78613 79681 80600 81358 81945 82355 82582 82624 82479 82147 81630 80933 80060 79018 77814 76457 74957 73326 71574 69715 67762 65729 63629 61479 59293 57086 54874 52672 50497 48363 46284 44277 42355 40532 38820 37233 35782 34477 33328 32343 31530 30895 30442 30175 30094 30201 30492 30964 31611 32426 33398 34515 35763 37125 38581 40109 41684 43279 44876 46475 48076 49676 51271 52856 54425 55969 57480 58950 60370 61729 63019 64230 65353 66379 67299 68105 68792 69350 69777 70065 70212 70216 70073 69784 69348 68768 68046 67187 66194 65073 63833 62480 61024 59475
70000 71591 73152 74658 76083 77408 78612 79681 80600 81357 81944 82354 82581 82623 82477 82145 81628 80930 80057 79014 77809 76452 74952 73319 71567 69707 67754 65719 63619 61468 59281 57074 54861 52659 50483 48348 46269 44261 42338 40514 38802 37214 35762 34457 33307 32322 31509 30873 30420 30152 30071 30177 30468 30940 31587 32402 33374 34491 35739 37101 38556 40084 41659 43254 44851 46450 48049 49647 51239 52820 54383 55920 57424 58885 60295 61645 62924 64124 65236 66250 67160 67956 68633 69183 69602 69885 70028 70028 69885 69597 69165 68591 67878 67029 66050 64946 63725 62394 60962 59439
70000 71591 73152 74658 76084 77408 78613 79682 80601 81359 81947 82358 82586 82628 82484 82153 81638 80942 80070 79029 77827 76472 74974 73344 71594 69737 67786 65754 63657 61508 59324 57119 54909 52710 50537 48404 46328 44323 42402 40581 38871 37286 35836 34533 33385 32402 31591 30957 30505 30239 30159 30266 30558 31030 31678 32493 33466 34583 35832 37193 38649 40177 41752 43347 44944 46542 48140 49736 51325 52902 54460 55991 57488 58942 60343 61683 62953 64144 65246 66251 67151 67939 68608 69152 69565 69844 69984 69984 69842 69558 69132 68566 67863 67027 66063 64978 63777 62469 61063 59568
70000 71591 73152 74658 76084 77409 78615 79684 80605 81364 81954 82367 82597 82642 82500 82173 81661 80969 80101 79064 77867 76516 75023 73399 71655 69803 67858 65832 63741 61599 59421 57223 55019 52826 50659 48532 46462 44463 42548 40733 39029 37448 36004 34705 33562 32583 31776 31145 30697 30434 30357 30466 30760 31235 31884 32700 33674 34792 36041 37404 38860 40388 41963 43558 45154 46752 48349 49943 51530 53103 54656 56182 57672 59119 60513 61845 63107 64289 65382 66380 67272 68054 68717 69255 69665 69942 70082 70083 69944 69665 69246 68690 68000 67178 66231 65165 63986 62702 61323 59858
70000 71591 73152 74658 76085 77411 78617 79688 80610 81372 81964 82380 82614 82663 82526 82203 81697 81010 80149 79119 77929 76586 75101 73485 71749 69907 67970 65954 63872 61740 59572 57383 55189 53006 50848 48732 46671 44681 42775 40968 39273 37701 36264 34973 33837 32865 32063 31439 30996 30737 30665 30778 31075 31553 32204 33023 33998 35117 36367 37730 39187 40715 42290 43885 45481 47079 48675 50267 51851 53421 54970 56491 57976 59417 60804 62129 63384 64559 65645 66636 67523 68298 68957 69493 69900 70176 70318 70322 70188 69916 69506 68961 68284 67478 66550 65504 64348 63090 61738 60303
70000 71591 73153 74659 76086 77413 78621 79694 80618 81383 81978 82398 82637 82691 82560 82244 81745 81067 80214 79193 78012 76680 75206 73601 71877 70046 68122 66119 64050 61930 59775 57600 55419 53249 51105 49001 46953 44975 43082 41287 39603 38042 36616 35335 34208 33245 32452 31835 31399 31147 31081 31199 31501 31982 32637 33458 34436 35557 36808 38172 39629 41157 42732 44327 45923 47520 49116 50706 52288 53855 55400 56917 58397 59833 61214 62534 63782 64951 66032 67017 67899 68671 69327 69861 70268 70545 70689 70697 70570 70306 69907 69374 68712 67923 67014 65990 64858 63626 62302 60897
70000 71591 73153 74659 76087 77415 78625 79700 80627 81396 81996 82421 82665 82726 82603 82295 81806 81137 80295 79286 78117 76798 75337 73746 72037 70221 68313 66325 64272 62169 60031 57872 55708 53554 51426 49339 47307 45345 43467 41687 40017 38470 37057 35789 34674 33722 32940 32333 31906 31662 31602 31727 32035 32521 33180 34005 34985 36108 37361 38725 40183 41712 43287 44882 46478 48075 49669 51259 52838 54403 55945 57458 58934 60364 61741 63055 64299 65463 66539 67520 68399 69168 69822 70356 70764 71044 71192 71206 71086 70831 70444 69925 69278 68508 67618 66616 65509 64303 63008 61634
70000 71591 73153 74660 76089 77418 78630 79708 80639 81411 82017 82448 82699 82769 82655 82357 81878 81222 80393 79397 78243 76939 75495 73921 72229 70431 68541 66572 64539 62455 60336 58197 56053 53919 51811 49743 47730 45787 43928 42165 40513 38982 37585 36332 35232 34293 33524 32928 32512 32278 32227 32360 32674 33166 33830 34659 35642 36768 38022 39388 40847 42376 43951 45546 47142 48738 50332 51920 53498 55060 56600 58109 59582 61008 62381 63691 64930 66090 67163 68142 69018 69786 70440 70974 71385 71668 71821 71842 71730 71486 71111 70607 69977 69225 68356 67377 66294 65115 63849 62505
70000 71591 73153 74661 76091 77422 78636 79717 80652 81430 82041 82479 82739 82818 82714 82428 81962 81320 80506 79526 78389 77103 75677 74122 72451 70674 68805 66859 64847 62786 60690 58574 56453 54342 52257 50211 48221 46300 44461 42720 41087 39576 38197 36962 35878 34955 34200 33618 33214 32991 32950 33092 33414 33913 34583 35416 36404 37532 38789 40156 41615 43145 44720 46315 47911 49507 51100 52687 54264 55824 57361 58868 60337 61761 63130 64437 65673 66830 67900 68877 69752 70520 71174 71710 72124 72412 72571 72600 72498 72265 71903 71413 70800 70067 69219 68263 67204 66052 64814 63500
70000 71591 73153 74662 76093 77426 78642 79727 80667 81450 82068 82515 82784 82873 82782 82509 82057 81430 80633 79672 78554 77287 75883 74350 72702 70949 69104 67182 65196 63161 61091 59001 56906 54821 52761 50741 48776 46879 45065 43347 41737 40247 38889 37674 36609 35703 34965 34398 34008 33798 33769 33921 34252 34758 35435 36273 37265 38397 39655 41024 42485 44014 45590 47185 48781 50377 51969 53555 55131 56689 58224 59729 61195 62616 63983 65287 66520 67675 68744 69720 70595 71363 72019 72558 72976 73269 73435 73472 73380 73159 72811 72337 71741 71026 70199 69266 68232 67105 65895 64611
70000 71591 73154 74663 76095 77430 78649 79738 80683 81473 82099 82554 82834 82935 82856 82598 82163 81553 80775 79833 78736 77493 76112 74604 72980 71253 69436 67541 65584 63577 61535 59474 57408 55352 53320 51329 49391 47522 45734 44042 42457 40992 39657 38463 37419 36534 35813 35263 34889 34693 34676 34840 35181 35696 36379 37224 38220 39355 40617 41988 43449 44979 46555 48150 49746 51341 52934 54519 56093 57650 59184 60686 62151 63569 64934 66236 67468 68622 69690 70665 71540 72310 72969 73511 73933 74233 74406 74452 74371 74162 73827 73369 72790 72094 71288 70376 69366 68265 67082 65826
70000 71591 73154 74664 76097 77435 78657 79751 80701 81498 82132 82597 82888 83002 82938 82696 82278 81687 80929 80010 78936 77717 76361 74880 73285 71586 69798 67934 66007 64031 62021 59991 57956 55932 53932 51971 50064 48224 46466 44802 43245 41806 40496 39326 38305 37441 36740 36209 35851 35671 35668 35844 36196 36720 37411 38263 39264 40403 41668 43040 44503 46034 47610 49205 50801 52396 53988 55572 57146 58701 60233 61735 63198 64614 65977 67278 68509 69662 70730 71705 72582 73354 74015 74562 74990 75295 75476 75532 75461 75264 74943 74500 73938 73261 72475 71584 70597 69521 68364 67135
70000 71591 73154 74665 76100 77440 78666 79764 80720 81525 82168 82644 82947 83075 83026 82801 82402 81832 81096 80200 79152 77959 76631 75179 73613 71946 70189 68357 66463 64521 62544 60549 58548 56557 54591 52664 50790 48982 47255 45622 44094 42684 41401 40257 39261 38419 37740 37229 36890 36726 36738 36927 37291 37825 38525 39383 40390 41534 42801 44176 45640 47171 48748 50342 51938 53533 55125 56709 58281 59836 61367 62867 64329 65745 67106 68406 69637 70789 71858 72834 73713 74487 75152 75703 76136 76449 76638 76703 76642 76458 76150 75722 75176 74517 73750 72880 71915 70862 69729 68526
70000 71591 73155 74666 76103 77445 78675 79778 80741 81553 82206 82693 83010 83153 83120 82914 82535 81987 81274 80404 79382 78217 76919 75497 73963 72329 70607 68809 66950 65044 63103 61144 59180 57225 55295 53403 51564 49791 48098 46497 45000 43620 42367 41251 40281 39464 38808 38318 37998 37852 37880 38083 38459 39004 39714 40579 41592 42740 44011 45388 46853 48385 49962 51556 53152 54747 56338 57922 59494 61048 62578 64078 65538 66953 68314 69614 70844 71997 73066 74044 74924 75702 76371 76926 77365 77684 77882 77955 77906 77733 77438 77024 76494 75852 75102 74252 73308 72277 71167 69987
70000 71591 73155 74668 76106 77451 78685 79793 80763 81584 82247 82746 83076 83234 83220 83033 82675 82150 81463 80618 79625 78490 77223 75834 74334 72734 71048 69287 67465 65596 63694 61773 59847 57931 56039 54185 52382 50646 48988 47422 45959 44611 43388 42301 41359 40568 39936 39468 39170 39042 39088 39306 39695 40251 40970 41843 42862 44015 45290 46669 48136 49669 51245 52840 54436 56031 57622 59205 60776 62330 63860 65358 66818 68233 69593 70893 72123 73277 74347 75327 76209 76990 77663 78223 78668 78994 79199 79281 79242 79080 78797 78397 77881 77255 76523 75690 74765 73754 72666 71508
70000 71591 73156 74669 76109 77457 78695 79809 80786 81615 82289 82801 83145 83320 83324 83158 82822 82321 81660 80844 79880 78776 77542 76187 74722 73159 71510 69788 68005 66176 64313 62433 60547 58671 56819 55004 53241 51542 49922 48391 46963 45649 44459 43402 42489 41725 41119 40675 40398 40290 40353 40587 40990 41558 42287 43168 44194 45352 46630 48012 49480 51014 52591 54185 55781 57376 58967 60550 62121 63674 65203 66701 68161 69575 70936 72235 73466 74621 75692 76674 77559 78343 79020 79585 80035 80367 80580 80671 80640 80489 80218 79830 79328 78716 77999 77184 76276 75283 74214 73077
70000 71591 73156 74670 76113 77463 78706 79825 80810 81649 82333 82858 83218 83410 83433 83287 82975 82500 81865 81078 80145 79074 77873 76554 75126 73601 71991 70309 68567 66779 64958 63119 61275 59441 57630 55857 54134 52475 50893 49400 48009 46729 45573 44548 43665 42930 42350 41930 41676 41588 41670 41920 42337 42918 43657 44548 45580 46744 48025 49410 50879 52414 53991 55586 57182 58776 60367 61950 63521 65073 66602 68100 69560 70974 72334 73634 74866 76022 77095 78078 78966 79753 80433 81003 81458 81797 82016 82115 82093 81951 81691 81314 80824 80225 79523 78722 77830 76854 75801 74682
70000 71591 73156 74672 76116 77470 78717 79842 80834 81683 82379 82917 83292 83502 83545 83421 83133 82684 82078 81320 80419 79381 78216 76934 75544 74058 72489 70847 69147 67402 65624 63828 62028 60237 58469 56738 55057 53439 51897 50443 49089 47846 46724 45733 44880 44175 43622 43228 42997 42931 43031 43299 43731 44324 45074 45973 47013 48182 49468 50855 52326 53861 55438 57033 58629 60223 61814 63397 64968 66520 68049 69546 71006 72420 73781 75082 76314 77471 78545 79531 80421 81211 81895 82469 82929 83273 83498 83604 83590 83457 83206 82839 82360 81773 81082 80295 79416 78454 77417 76313
70000 71591 73157 74673 76119 77476 78728 79860 80860 81718 82426 82978 83369 83597 83660 83559 83296 82873 82296 81569 80701 79698 78569 77324 75973 74528 73000 71401 69744 68042 66309 64558 62802 61055 59331 57644 56005 54430 52929 51515 50200 48994 47907 46950 46130 45454 44930 44562 44354 44310 44430 44715 45162 45769 46530 47438 48485 49660 50949 52339 53812 55348 56925 58520 60116 61711 63301 64884 66454 68007 69536 71033 72493 73907 75269 76570 77803 78961 80037 81024 81917 82709 83396 83974 84439 84787 85018 85130 85123 84997 84754 84396 83926 83349 82669 81892 81026 80076 79051 77961
70000 71591 73157 74675 76123 77483 78739 79878 80886 81754 82474 83040 83448 83694 83778 83700 83462 83067 82519 81824 80989 80021 78929 77722 76412 75008 73522 71966 70354 68697 67009 65303 63592 61891 60212 58569 56975 55442 53983 52610 51334 50167 49117 48194 47406 46762 46266 45925 45742 45720 45860 46162 46625 47245 48018 48935 49989 51170 52464 53856 55331 56868 58445 60040 61636 63231 64821 66404 67974 69527 71055 72553 74013 75427 76789 78091 79325 80484 81561 82550 83445 84239 84929 85510 85979 86332 86567 86684 86683 86563 86326 85976 85514 84945 84274 83506 82649 81710 80695 79615
70000 71591 73158 74677 76127 77490 78751 79896 80912 81790 82523 83103 83528 83793 83898 83843 83631 83263 82746 82083 81281 80349 79295 78128 76858 75496 74053 72542 70974 69363 67720 66061 64396 62741 61108 59510 57961 56472 55056 53724 52489 51359 50346 49459 48705 48091 47625 47311 47153 47153 47314 47634 48113 48747 49531 50458 51520 52706 54004 55400 56876 58413 59991 61586 63182 64776 66367 67950 69520 71073 72601 74099 75559 76974 78336 79638 80873 82033 83111 84102 84998 85795 86487 87070 87542 87898 88138 88259 88262 88147 87916 87571 87115 86553 85889 85129 84279 83348 82342 81270
70000 71591 73158 74678 76130 77497 78763 79914 80939 81827 82572 83167 83608 83893 84019 83988 83802 83463 82975 82345 81578 80682 79666 78539 77310 75990 74591 73124 71602 70037 68441 66828 65211 63602 62016 60464 58959 57515 56142 54852 53658 52567 51592 50740 50020 49438 49001 48715 48582 48605 48786 49125 49620 50268 51063 52000 53069 54261 55564 56962 58440 59979 61557 63152 64748 66342 67932 69515 71086 72638 74167 75665 77125 78540 79902 81205 82440 83601 84680 85672 86569 87368 88062 88648 89121 89480 89722 89847 89853 89742 89515 89175 88724 88166 87507 86753 85909 84984 83984 82919
70000 71591 73159 74680 76134 77504 78775 79933 80966 81865 82622 83232 83690 83994 84142 84135 83974 83664 83207 82609 81877 81018 80040 78953 77765 76489 75134 73712 72236 70717 69168 67602 66032 64471 62931 61426 59967 58567 57238 55991 54837 53786 52849 52033 51346 50797 50390 50131 50023 50070 50272 50629 51140 51802 52609 53556 54633 55831 57138 58539 60018 61558 63136 64731 66327 67922 69512 71095 72665 74218 75746 77244 78705 80120 81483 82785 84021 85182 86263 87255 88154 88953 89648 90236 90711 91072 91316 91443 91452 91343 91119 90782 90334 89780 89125 88374 87534 86613 85617 84557
70000 71591 73159 74681 76138 77512 78787 79951 80993 81902 82672 83297 83772 84095 84265 84282 84148 83866 83440 82875 82178 81356 80417 79369 78224 76990 75680 74303 72873 71401 69899 68381 66859 65345 63852 62393 60980 59625 58340 57135 56023 55012 54112 53333 52680 52163 51786 51555 51473 51543 51766 52142 52669 53345 54164 55120 56205 57409 58720 60125 61606 63146 64725 66320 67916 69510 71101 72683 74254 75806 77335 78833 80293 81709 83072 84375 85611 86772 87853 88846 89745 90545 91242 91830 92306 92668 92914 93042 93052 92946 92723 92388 91942 91390 90737 89989 89151 88232 87240 86182
70000 71592 73160 74683 76142 77519 78799 79970 81020 81940 82722 83362 83854 84197 84388 84430 84322 84069 83674 83142 82480 81695 80794 79787 78684 77494 76227 74896 73512 72087 70633 69162 67687 66221 64775 63363 61996 60686 59445 58284 57212 56241 55380 54637 54019 53534 53187 52984 52928 53021 53265 53660 54203 54893 55724 56690 57783 58993 60308 61715 63198 64739 66318 67913 69509 71104 72694 74277 75847 77400 78928 80427 81887 83302 84665 85969 87205 88367 89448 90441 91340 92141 92838 93426 93903 94266 94512 94641 94652 94546 94325 93990 93545 92995 92343 91596 90760 89842 88850 87794
70000 71592 73160 74685 76145 77526 78811 79988 81047 81977 82773 83427 83936 84298 84512 84577 84496 84272 83908 83409 82782 82034 81172 80206 79144 77997 76776 75490 74152 72774 71367 69944 68517 67099 65700 64335 63014 61749 60552 59434 58404 57473 56649 55942 55359 54906 54590 54415 54384 54501 54766 55179 55739 56443 57286 58261 59362 60578 61898 63308 64793 66335 67914 69509 71105 72699 74290 75872 77443 78995 80524 82022 83483 84898 86261 87565 88801 89963 91044 92037 92937 93737 94434 95023 95500 95863 96109 96238 96250 96144 95923 95589 95144 94594 93942 93195 92360 91442 90451 89395
70000 71592 73161 74686 76149 77533 78823 80007 81074 82015 82823 83492 84019 84401 84636 84726 84671 84475 84142 83676 83085 82373 81551 80625 79605 78501 77324 76084 74793 73462 72102 70727 69348 67976 66625 65307 64032 62812 61659 60584 59595 58704 57919 57248 56700 56279 55993 55846 55841 55981 56267 56699 57275 57993 58848 59833 60942 62164 63488 64901 66388 67930 69510 71105 72701 74295 75886 77468 79039 80592 82120 83618 85079 86494 87857 89161 90397 91559 92640 93633 94533 95333 96030 96619 97096 97459 97705 97835 97846 97741 97519 97185 96741 96190 95539 94792 93956 93039 92048 90992
70009 71601 73170 74697 76162 77549 78844 80034 81109 82061 82881 83565 84108 84509 84766 84880 84851 84684 84382 83949 83392 82717 81933 81048 80070 79009 77876 76681 75436 74152 72839 71512 70180 68856 67552 66280 65051 63877 62768 61735 60788 59936 59189 58555 58040 57652 57396 57277 57298 57461 57768 58219 58811 59543 60410 61405 62522 63750 65078 66494 67982 69526 71106 72701 74297 75891 77482 79064 80635 82188 83716 85214 86675 88091 89454 90757 91994 93156 94237 95231 96131 96932 97629 98218 98695 99058 99305 99435 99447 99342 99121 98787 98343 97793 97142 96395 95560 94643 93652 92596
70047 71639 73208 74735 76201 77591 78890 80086 81169 82130 82962 83660 84220 84639 84917 85054 85051 84911 84638 84238 83715 83076 82329 81483 80546 79528 78438 77288 76088 74849 73584 72303 71018 69741 68483 67257 66073 64944 63878 62887 61981 61169 60460 59862 59381 59025 58799 58707 58754 58940 59268 59737 60346 61092 61971 62976 64100 65334 66667 68086 69576 71120 72700 74295 75891 77486 79076 80659 82230 83783 85312 86810 88271 89688 91051 92356 93593 94756 95838 96833 97734 98536 99235 99825 100000 100000 100000 100000 100000 100000 100000 100000 99963 99415 98765 98020 97186 96271 95281 94227
70132 71722 73291 74817 76284 77676 78978 80179 81269 82238 83081 83791 84366 84803 85100 85258 85280 85166 84922 84552 84061 83457 82747 81939 81041 80063 79016 77909 76753 75559 74338 73103 71864 70632 69420 68239 67100 66013 64991 64041 63176 62402 61730 61167 60721 60396 60200 60135 60207 60416 60765 61252 61877 62637 63527 64542 65674 66914 68251 69673 71165 72710 74291 75886 77482 79076 80667 82250 83821 85375 86904 88404 89866 91284 92649 93955 95194 96359 97444 98441 99345 100000 100000 100000 100000 100000 100000 100000 100000 100000 100000 100000 100000 100000 100000 99679 98848 97935 96949 95897
70279 71866 73432 74957 76424 77816 79120 80325 81419 82396 83248 83970 84558 85010 85325 85503 85547 85458 85240 84898 84438 83867 83191 82418 81558 80620 79612 78547 77433 76282 75105 73913 72718 71531 70363 69225 68129 67085 66104 65195 64369 63633 62998 62469 62055 61762 61595 61557 61654 61886 62255 62760 63401 64175 65077 66101 67241 68487 69828 71253 72747 74293 75873 77468 79064 80659 82250 83834 85405 86960 88491 89992 91456 92876 94244 95553 96796 97964 99053 100000 100000 100000 100000 100000 100000 100000 100000 100000 100000 100000 100000 100000 100000 100000 100000 100000 100000 99647 98665 97618
70498 72081 73644 75166 76630 78021 79326 80532 81630 82612 83472 84203 84802 85267 85598 85794 85858 85791 85597 85282 84850 84309 83664 82926 82101 81199 80229 79202 78128 77018 75883 74733 73580 72435 71309 70214 69159 68156 67215 66345 65557 64858 64258 63764 63382 63119 62980 62969 63090 63344 63733 64257 64914 65701 66614 67648 68795 70047 71393 72821 74316 75863 77444 79039 80635 82230 83821 85405 86978 88534 90067 91571 93038 94461 95833 97147 98394 99568 100000 100000 100000 100000 100000 100000 100000 100000 100000 100000 100000 100000 100000 100000 100000 100000 100000 100000 100000 100000 100000 99396
70797 72376 73933 75450 76911 78299 79602 80809 81909 82894 83758 84496 85104 85580 85924 86136 86216 86169 85996 85705 85298 84784 84169 83461 82668 81800 80866 79875 78839 77767 76670 75560 74447 73342 72257 71201 70186 69223 68320 67488 66737 66074 65508 65046 64695 64462 64351 64366 64510 64786 65195 65736 66409 67209 68134 69177 70332 71590 72940 74370 75867 77415 78996 80592 82188 83783 85375 86960 88534 90092 91628 93135 94606 96034 97412 98731 99986 100000 100000 100000 100000 100000 100000 100000 100000 100000 100000 100000 100000 100000 100000 100000 100000 100000 100000 100000 100000 100000 100000 100000
71184 72755 74306 75817 77271 78655 79955 81159 82258 83244 84110 84853 85467 85952 86306 86529 86624 86593 86439 86168 85784 85294 84705 84024 83261 82423 81521 80564 79562 78526 77465 76392 75316 74249 73202 72184 71207 70280 69415 68619 67902 67274 66741 66311 65990 65785 65701 65741 65909 66206 66634 67193 67880 68694 69630 70683 71845 73108 74463 75896 77395 78944 80525 82120 83716 85312 86904 88491 90067 91628 93167 94678 96155 97589 98974 100000 100000 100000 100000 100000 100000 100000 100000 100000 100000 100000 100000 100000 100000 100000 100000 100000 100000 100000 100000 100000 100000 100000 100000 100000
71661 73223 74764 76267 77714 79091 80385 81584 82680 83664 84531 85274 85892 86382 86743 86976 87082 87064 86925 86670 86305 85836 85270 84613 83876 83066 82193 81266 80295 79291 78264 77225 76184 75152 74139 73157 72215 71324 70493 69732 69049 68453 67951 67551 67260 67083 67025 67089 67279 67597 68044 68620 69322 70149 71096 72158 73328 74597 75955 77391 78892 80441 82023 83618 85214 86810 88404 89992 91571 93135 94678 96195 97678 99120 100000 100000 100000 100000 100000 100000 100000 100000 100000 100000 100000 100000 100000 100000 100000 100000 100000 100000 100000 100000 100000 100000 100000 100000 100000 100000
72230 73780 75311 76803 78240 79608 80893 82085 83175 84155 85018 85761 86379 86871 87236 87474 87588 87579 87452 87211 86861 86408 85861 85225 84510 83724 82876 81975 81033 80058 79061 78053 77044 76044 75064 74115 73206 72348 71550 70820 70169 69604 69133 68762 68499 68348 68315 68403 68615 68953 69418 70010 70727 71567 72525 73596 74773 76047 77410 78849 80351 81902 83484 85079 86675 88271 89866 91456 93038 94606 96155 97678 99169 100000 100000 100000 100000 100000 100000 100000 100000 100000 100000 100000 100000 100000 100000 100000 100000 100000 100000 100000 100000 100000 100000 100000 100000 100000 100000 100000
72889 74427 75944 77423 78848 80204 81479 82661 83742 84715 85572 86310 86925 87416 87781 88022 88139 88136 88016 87785 87446 87007 86474 85856 85159 84393 83566 82689 81771 80822 79852 78871 77890 76920 75970 75051 74173 73345 72578 71879 71257 70721 70278 69936 69699 69573 69564 69675 69908 70266 70749 71357 72088 72940 73909 74989 76173 77453 78820 80262 81766 83317 84899 86494 88091 89688 91284 92876 94461 96034 97589 99120 100000 100000 100000 100000 100000 100000 100000 100000 100000 100000 100000 100000 100000 100000 100000 100000 100000 100000 100000 100000 100000 100000 100000 100000 100000 100000 100000 100000
73638 75159 76661 78125 79535 80877 82138 83308 84378 85340 86188 86918 87527 88013 88375 88614 88731 88730 88614 88388 88057 87627 87105 86499 85817 85067 84259 83401 82503 81576 80629 79673 78718 77774 76851 75960 75109 74310 73570 72899 72306 71797 71381 71065 70853 70752 70766 70898 71152 71529 72029 72653 73398 74262 75241 76329 77521 78807 80177 81622 83128 84680 86262 87857 89454 91051 92649 94244 95833 97412 98974 100000 100000 100000 100000 100000 100000 100000 100000 100000 100000 100000 100000 100000 100000 100000 100000 100000 100000 100000 100000 100000 100000 100000 100000 100000 100000 100000 100000 100000
74471 75974 77458 78905 80298 81623 82868 84023 85078 86026 86862 87581 88180 88657 89012 89246 89360 89357 89240 89016 88688 88263 87748 87151 86479 85741 84947 84104 83224 82315 81388 80453 79520 78599 77700 76833 76008 75234 74520 73876 73308 72825 72434 72142 71955 71877 71912 72066 72339 72734 73251 73890 74649 75525 76514 77611 78809 80100 81475 82923 84430 85983 87565 89161 90757 92356 93955 95553 97147 98731 100000 100000 100000 100000 100000 100000 100000 100000 100000 100000 100000 100000 100000 100000 100000 100000 100000 100000 100000 100000 100000 100000 100000 100000 100000 100000 100000 100000 100000 100000
75383 76866 78330 79757 81130 82435 83662 84798 85836 86768 87588 88292 88878 89343 89687 89912 90018 90009 89888 89661 89332 88908 88396 87804 87138 86409 85624 84793 83925 83031 82121 81203 80289 79388 78510 77665 76862 76111 75421 74800 74256 73797 73430 73161 72996 72940 72997 73170 73462 73874 74408 75061 75833 76721 77720 78825 80030 81327 82706 84156 85665 87219 88802 90397 91994 93593 95194 96796 98394 99986 100000 100000 100000 100000 100000 100000 100000 100000 100000 100000 100000 100000 100000 100000 100000 100000 100000 100000 100000 100000 100000 100000 100000 100000 100000 100000 100000 100000 100000 100000
76368 77829 79270 80674 82025 83309 84513 85629 86646 87558 88359 89045 89614 90064 90393 90605 90699 90680 90551 90317 89984 89557 89043 88451 87788 87062 86283 85460 84602 83719 82820 81917 81018 80134 79274 78447 77665 76934 76265 75666 75144 74707 74361 74114 73970 73934 74011 74203 74514 74943 75492 76159 76944 77843 78852 79966 81178 82480 83862 85315 86826 88380 89964 91559 93156 94756 96359 97964 99568 100000 100000 100000 100000 100000 100000 100000 100000 100000 100000 100000 100000 100000 100000 100000 100000 100000 100000 100000 100000 100000 100000 100000 100000 100000 100000 100000 100000 100000 100000 100000
77418 78854 80270 81649 82975 84234 85415 86506 87500 88389 89168 89833 90381 90811 91123 91318 91397 91364 91222 90977 90634 90200 89681 89085 88420 87694 86917 86098 85245 84369 83480 82587 81700 80830 79984 79174 78409 77696 77046 76466 75963 75546 75221 74994 74870 74854 74949 75160 75487 75933 76497 77178 77975 78885 79904 81026 82244 83551 84938 86393 87905 89461 91044 92640 94237 95838 97444 99053 100000 100000 100000 100000 100000 100000 100000 100000 100000 100000 100000 100000 100000 100000 100000 100000 100000 100000 100000 100000 100000 100000 100000 100000 100000 100000 100000 100000 100000 100000 100000 100000
78525 79933 81322 82674 83973 85205 86358 87423 88390 89253 90007 90647 91172 91579 91869 92042 92102 92051 91893 91633 91277 90831 90303 89699 89028 88298 87519 86700 85849 84977 84093 83207 82329 81469 80635 79838 79087 78390 77756 77193 76709 76310 76003 75795 75689 75691 75805 76032 76376 76837 77415 78110 78920 79840 80868 81998 83223 84535 85926 87384 88898 90454 92038 93633 95231 96833 98441 100000 100000 100000 100000 100000 100000 100000 100000 100000 100000 100000 100000 100000 100000 100000 100000 100000 100000 100000 100000 100000 100000 100000 100000 100000 100000 100000 100000 100000 100000 100000 100000 100000
79678 81057 82417 83739 85008 86210 87334 88369 89307 90142 90867 91479 91976 92357 92621 92771 92807 92734 92556 92277 91904 91443 90901 90285 89604 88867 88082 87258 86406 85534 84652 83770 82897 82044 81220 80433 79694 79010 78390 77842 77374 76991 76702 76510 76422 76441 76571 76815 77174 77650 78243 78950 79771 80702 81740 82877 84109 85426 86820 88281 89796 91353 92937 94533 96131 97734 99345 100000 100000 100000 100000 100000 100000 100000 100000 100000 100000 100000 100000 100000 100000 100000 100000 100000 100000 100000 100000 100000 100000 100000 100000 100000 100000 100000 100000 100000 100000 100000 100000 100000
80870 82217 83545 84835 86072 87242 88334 89337 90243 91045 91739 92320 92787 93138 93373 93494 93504 93406 93203 92902 92508 92027 91467 90836 90142 89393 88598 87767 86909 86033 85150 84268 83399 82550 81731 80953 80223 79549 78942 78407 77952 77584 77310 77134 77061 77097 77242 77502 77876 78366 78972 79692 80525 81466 82512 83657 84895 86217 87616 89079 90596 92154 93738 95333 96932 98536 100000 100000 100000 100000 100000 100000 100000 100000 100000 100000 100000 100000 100000 100000 100000 100000 100000 100000 100000 100000 100000 100000 100000 100000 100000 100000 100000 100000 100000 100000 100000 100000 100000 100000
82088 83402 84695 85952 87154 88290 89347 90315 91186 91954 92613 93161 93594 93911 94115 94205 94184 94056 93826 93498 93079 92576 91995 91344 90632 89868 89060 88218 87351 86469 85581 84697 83827 82979 82164 81391 80668 80003 79405 78881 78438 78084 77823 77661 77604 77654 77814 78088 78477 78981 79600 80332 81175 82127 83181 84334 85578 86905 88307 89773 91292 92850 94435 96030 97629 99235 100000 100000 100000 100000 100000 100000 100000 100000 100000 100000 100000 100000 100000 100000 100000 100000 100000 100000 100000 100000 100000 100000 100000 100000 100000 100000 100000 100000 100000 100000 100000 100000 100000 100000
83323 84601 85859 87079 88245 89344 90364 91295 92129 92860 93482 93992 94388 94670 94837 94893 94838 94678 94416 94059 93612 93081 92476 91802 91070 90287 89462 88606 87727 86835 85939 85050 84176 83327 82513 81743 81024 80365 79775 79260 78828 78485 78237 78088 78044 78107 78282 78570 78972 79489 80120 80864 81718 82680 83743 84903 86153 87485 88891 90359 91879 93439 95024 96619 98218 99825 100000 100000 100000 100000 100000 100000 100000 100000 100000 100000 100000 100000 100000 100000 100000 100000 100000 100000 100000 100000 100000 100000 100000 100000 100000 100000 100000 100000 100000 100000 100000 100000 100000 100000
84564 85804 87024 88206 89334 90394 91375 92267 93061 93751 94334 94804 95161 95403 95533 95550 95459 95263 94967 94576 94097 93537 92903 92204 91447 90642 89798 88924 88030 87125 86218 85321 84441 83589 82773 82003 81286 80632 80048 79540 79117 78784 78546 78410 78378 78454 78642 78943 79358 79888 80531 81286 82151 83121 84193 85360 86616 87953 89363 90834 92355 93916 95501 97096 98695 100000 100000 100000 100000 100000 100000 100000 100000 100000 100000 100000 100000 100000 100000 100000 100000 100000 100000 100000 100000 100000 100000 100000 100000 100000 100000 100000 100000 100000 100000 100000 100000 100000 100000 100000
85800 87001 88181 89323 90410 91430 92370 93220 93972 94620 95160 95588 95903 96104 96192 96169 96038 95803 95469 95042 94529 93936 93271 92542 91758 90928 90061 89167 88255 87334 86414 85506 84618 83759 82940 82168 81452 80799 80219 79718 79302 78977 78749 78623 78603 78691 78891 79205 79632 80174 80828 81595 82470 83449 84529 85704 86966 88307 89720 91194 92717 94278 95863 97459 99058 100000 100000 100000 100000 100000 100000 100000 100000 100000 100000 100000 100000 100000 100000 100000 100000 100000 100000 100000 100000 100000 100000 100000 100000 100000 100000 100000 100000 100000 100000 100000 100000 100000 100000 100000
87020 88180 89319 90419 91465 92442 93338 94145 94853 95457 95953 96336 96606 96763 96807 96741 96567 96291 95917 95451 94900 94271 93572 92811 91997 91139 90247 89330 88396 87458 86522 85601 84702 83835 83009 82234 81516 80864 80287 79789 79379 79062 78843 78726 78716 78816 79028 79353 79792 80345 81011 81788 82673 83661 84750 85931 87199 88545 89962 91438 92963 94524 96110 97705 99305 100000 100000 100000 100000 100000 100000 100000 100000 100000 100000 100000 100000 100000 100000 100000 100000 100000 100000 100000 100000 100000 100000 100000 100000 100000 100000 100000 100000 100000 100000 100000 100000 100000 100000 100000
88214 89331 90427 91485 92486 93419 94271 95032 95695 96253 96701 97038 97262 97372 97370 97258 97039 96719 96302 95795 95203 94536 93800 93005 92159 91271 90350 89407 88451 87492 86539 85601 84690 83813 82979 82198 81477 80824 80248 79753 79348 79036 78825 78717 78717 78827 79049 79386 79836 80400 81077 81864 82759 83757 84853 86041 87315 88666 90086 91564 93091 94653 96239 97835 99435 100000 100000 100000 100000 100000 100000 100000 100000 100000 100000 100000 100000 100000 100000 100000 100000 100000 100000 100000 100000 100000 100000 100000 100000 100000 100000 100000 100000 100000 100000 100000 100000 100000 100000 100000
89371 90444 91497 92509 93466 94353 95159 95873 96488 96998 97399 97687 97862 97923 97873 97713 97448 97081 96619 96068 95434 94726 93951 93119 92238 91317 90367 89396 88415 87433 86460 85505 84579 83690 82847 82058 81333 80678 80101 79608 79206 78900 78695 78595 78603 78723 78956 79303 79764 80339 81027 81824 82728 83735 84838 86033 87313 88669 90092 91573 93101 94664 96251 97846 99447 100000 100000 100000 100000 100000 100000 100000 100000 100000 100000 100000 100000 100000 100000 100000 100000 100000 100000 100000 100000 100000 100000 100000 100000 100000 100000 100000 100000 100000 100000 100000 100000 100000 100000 100000
90481 91510 92517 93484 94394 95235 95992 96658 97225 97685 98036 98274 98398 98410 98309 98100 97785 97371 96861 96264 95586 94836 94020 93149 92231 91276 90293 89293 88285 87278 86284 85310 84368 83465 82611 81814 81082 80424 79845 79353 78953 78652 78452 78360 78376 78505 78748 79105 79577 80162 80860 81667 82581 83596 84707 85909 87194 88555 89981 91465 92995 94559 96145 97741 99342 100000 100000 100000 100000 100000 100000 100000 100000 100000 100000 100000 100000 100000 100000 100000 100000 100000 100000 100000 100000 100000 100000 100000 100000 100000 100000 100000 100000 100000 100000 100000 100000 100000 100000 100000
91535 92517 93478 94399 95262 96054 96764 97380 97896 98306 98605 98792 98865 98824 98672 98412 98047 97582 97024 96380 95656 94861 94003 93091 92135 91143 90127 89096 88059 87027 86009 85015 84055 83137 82271 81464 80725 80062 79481 78989 78591 78293 78099 78012 78037 78174 78426 78793 79275 79871 80579 81396 82318 83341 84461 85669 86960 88325 89755 91241 92772 94337 95924 97519 99121 100000 100000 100000 100000 100000 100000 100000 100000 100000 100000 100000 100000 100000 100000 100000 100000 100000 100000 100000 100000 100000 100000 100000 100000 100000 100000 100000 100000 100000 100000 100000 100000 100000 100000 100000
92523 93459 94373 95246 96061 96805 97465 98031 98496 98854 99101 99235 99255 99161 98956 98643 98226 97711 97103 96410 95638 94797 93895 92942 91946 90917 89866 88802 87735 86676 85634 84619 83640 82706 81826 81009 80263 79594 79010 78516 78120 77824 77635 77554 77586 77732 77992 78369 78861 79467 80184 81011 81942 82974 84101 85316 86613 87982 89416 90904 92437 94003 95589 97185 98787 100000 100000 100000 100000 100000 100000 100000 100000 100000 100000 100000 100000 100000 100000 100000 100000 100000 100000 100000 100000 100000 100000 100000 100000 100000 100000 100000 100000 100000 100000 100000 100000 100000 100000 100000
93438 94326 95193 96018 96784 97478 98088 98603 99016 99321 99516 99596 99562 99415 99156 98790 98320 97753 97094 96350 95531 94643 93696 92699 91663 90596 89508 88411 87314 86227 85159 84122 83123 82173 81279 80451 79695 79021 78433 77938 77541 77248 77063 76988 77027 77180 77450 77836 78338 78953 79681 80516 81457 82497 83631 84853 86155 87529 88966 90457 91991 93558 95145 96741 98343 99963 100000 100000 100000 100000 100000 100000 100000 100000 100000 100000 100000 100000 100000 100000 100000 100000 100000 100000 100000 100000 100000 100000 100000 100000 100000 100000 100000 100000 100000 100000 100000 100000 100000 100000
94270 95111 95929 96706 97424 98068 98626 99090 99451 99703 99844 99870 99782 99580 99267 98847 98324 97704 96993 96199 95330 94395 93403 92362 91284 90178 89054 87923 86794 85678 84585 83525 82506 81538 80630 79790 79026 78344 77752 77256 76859 76569 76387 76318 76363 76524 76802 77198 77709 78334 79071 79916 80866 81914 83056 84284 85592 86970 88411 89904 91440 93007 94595 96190 97793 99415 100000 100000 100000 100000 100000 100000 100000 100000 100000 100000 100000 100000 100000 100000 100000 100000 100000 100000 100000 100000 100000 100000 100000 100000 100000 100000 100000 100000 100000 100000 100000 100000 100000 100000
95013 95806 96577 97305 97973 98567 99075 99487 99795 99994 100000 100000 99910 99653 99286 98811 98234 97561 96798 95954 95036 94052 93014 91930 90810 89664 88504 87338 86178 85033 83914 82830 81791 80806 79883 79031 78257 77569 76972 76474 76078 75789 75611 75547 75598 75767 76054 76458 76979 77614 78361 79215 80174 81230 82379 83614 84927 86310 87754 89250 90788 92356 93943 95539 97142 98765 100000 100000 100000 100000 100000 100000 100000 100000 100000 100000 100000 100000 100000 100000 100000 100000 100000 100000 100000 100000 100000 100000 100000 100000 100000 100000 100000 100000 100000 100000 100000 100000 100000 100000
95661 96406 97129 97808 98427 98971 99428 99788 100000 100000 100000 100000 99942 99631 99209 98680 98049 97323 96508 95613 94645 93614 92530 91402 90240 89055 87857 86657 85465 84292 83147 82040 80980 79978 79040 78176 77393 76698 76097 75596 75200 74913 74739 74680 74739 74915 75211 75624 76154 76799 77555 78419 79386 80451 81608 82849 84167 85555 87003 88501 90040 91608 93196 94792 96395 98020 99679 100000 100000 100000 100000 100000 100000 100000 100000 100000 100000 100000 100000 100000 100000 100000 100000 100000 100000 100000 100000 100000 100000 100000 100000 100000 100000 100000 100000 100000 100000 100000 100000 100000
96207 96905 97579 98210 98780 99274 99681 99989 100000 100000 100000 100000 99876 99511 99034 98451 97767 96988 96122 95176 94159 93081 91951 90779 89576 88352 87118 85884 84660 83458 82287 81157 80078 79058 78106 77230 76438 75737 75132 74629 74233 73948 73778 73724 73789 73974 74278 74700 75240 75894 76660 77533 78509 79583 80747 81995 83319 84711 86162 87663 89203 90773 92361 93956 95560 97186 98848 100000 100000 100000 100000 100000 100000 100000 100000 100000 100000 100000 100000 100000 100000 100000 100000 100000 100000 100000 100000 100000 100000 100000 100000 100000 100000 100000 100000 100000 100000 100000 100000 100000
96647 97298 97925 98508 99029 99474 99830 100000 100000 100000 100000 100000 99710 99291 98761 98124 97387 96556 95639 94643 93578 92453 91278 90064 88820 87557 86287 85020 83766 82536 81339 80187 79088 78051 77086 76199 75398 74690 74082 73577 73182 72900 72733 72686 72757 72950 73262 73694 74244 74908 75683 76566 77551 78633 79804 81059 82389 83785 85240 86743 88285 89855 91443 93039 94643 96271 97935 99647 100000 100000 100000 100000 100000 100000 100000 100000 100000 100000 100000 100000 100000 100000 100000 100000 100000 100000 100000 100000 100000 100000 100000 100000 100000 100000 100000 100000 100000 100000 100000 100000
96977 97581 98161 98697 99170 99566 99873 100000 100000 100000 100000 99800 99442 98970 98387 97698 96909 96028 95060 94015 92903 91732 90514 89257 87974 86674 85369 84069 82785 81528 80308 79134 78016 76964 75985 75087 74278 73565 72953 72448 72054 71774 71613 71571 71650 71850 72172 72614 73173 73847 74633 75525 76519 77609 78788 80049 81385 82786 84244 85749 87293 88864 90452 92048 93652 95281 96949 98665 100000 100000 100000 100000 100000 100000 100000 100000 100000 100000 100000 100000 100000 100000 100000 100000 100000 100000 100000 100000 100000 100000 100000 100000 100000 100000 100000 100000 100000 100000 100000 100000
97194 97752 98286 98775 99201 99549 99807 99965 100000 99953 99776 99482 99072 98548 97914 97174 96334 95403 94387 93295 92136 90921 89660 88363 87041 85705 84366 83036 81723 80440 79197 78003 76868 75800 74809 73902 73086 72368 71754 71249 70856 70580 70424 70388 70475 70684 71015 71467 72036 72720 73516 74418 75421 76520 77707 78974 80315 81721 83182 84690 86235 87807 89396 90992 92596 94227 95897 97618 99396 100000 100000 100000 100000 100000 100000 100000 100000 100000 100000 100000 100000 100000 100000 100000 100000 100000 100000 100000 100000 100000 100000 100000 100000 100000 100000 100000 100000 100000 100000 100000
