100 100
70000 77790 83082 84654 82423 77161 70213 63216 57813 55375 56715 61810 69511 78160 88286 99367 100000 100000 100000 100000 100000 100000 90214 79830 70977 62709 54854 48303 44028 42707 44494 48931 54996 61295 66391 69279 69996 70000 70000 70000 70000 70000 70000 70000 70000 70000 70000 70000 70000 69783 67878 63614 57649 51307 46048 43079 43104 46217 51938 59378 67559 75840 83824 90679 95417 97288 96034 92005 86134 79768 74367 71052 70023 69865 68226 64225 58399 52025 46568 43281 42936 45702 51156 58446 66583 74972 84535 95441 100000 100000 100000 100000 100000 100000 94135 83331 73957 65616 57532 50404
70000 77788 83066 84607 82327 77003 69985 62917 57452 54964 56273 61352 69051 77663 87546 98068 100000 100000 100000 100000 100000 93402 81756 71130 62261 54034 46219 39701 35447 34133 35911 40326 46360 52627 57698 60572 61285 61338 61762 62813 64535 66818 69442 72126 74580 76554 77886 78551 78709 78474 76371 71597 64775 57278 50671 46302 45023 47064 52034 59067 67112 75338 83128 89535 93543 94441 92059 86862 79904 72642 66609 62944 61788 61600 60095 56540 51510 46230 42057 40098 40977 44729 50844 58446 66614 74931 84541 95757 100000 100000 100000 100000 100000 100000 100000 90932 81723 73430 65400 58350
70000 77776 82980 84356 81817 76159 68766 61322 55519 52767 53905 58905 66590 75157 84753 94633 100000 100000 100000 100000 94885 83373 71353 60692 52017 44038 36458 30137 26012 24737 26461 30743 36596 42674 47591 50378 51071 51182 52103 54385 58128 63088 68788 74619 79951 84241 87135 88578 88923 88666 86335 80953 73085 64137 55788 49551 46471 46957 50757 57057 64726 72696 80190 86221 89763 90119 87147 81347 73812 66033 59565 55555 54123 53705 52206 49097 44986 41005 38340 37895 40088 44788 51386 59000 66815 74641 83816 94764 100000 100000 100000 100000 100000 100000 100000 95705 86892 78857 71151 64547
70000 77752 82813 83869 80830 74526 66408 58237 51782 48520 49327 54175 61832 70346 79608 88765 96087 99844 98917 93148 83417 71456 59391 49029 40863 33440 26388 20507 16669 15482 17087 21070 26515 32170 36745 39338 39982 40157 41618 45237 51173 59039 68078 77325 85782 92585 97174 99464 100000 99732 97172 91158 82158 71585 61215 52733 47399 45849 48016 53178 60134 67554 74597 80358 83829 84287 81524 75963 68608 60875 54267 49918 47989 47042 45346 42646 39573 37109 36189 37425 40968 46479 53241 60389 67270 73981 81999 91822 100000 100000 100000 100000 100000 100000 100000 96269 88193 80732 73738 68097
70000 77721 82597 83237 79546 72405 63344 54227 46925 42999 43376 48026 55646 64103 73010 81423 87691 90259 88213 81577 71361 59348 47641 37948 30621 24068 17842 12651 9263 8215 9632 13148 17955 22947 26986 29275 29843 30076 32030 36872 44813 55337 67429 79799 91113 100000 100000 100000 100000 100000 100000 100000 90665 78647 66384 55695 48039 44280 44560 48282 54208 60776 67212 72810 76615 77830 76096 71633 65233 58122 51675 46993 44340 42558 40438 38061 36065 35226 36152 39101 43897 49968 56490 62644 67983 72943 79068 86888 95508 100000 100000 100000 100000 100000 99765 92529 85541 78975 73076 68880
70000 77690 82379 82601 78257 70273 60265 50198 42045 37452 37397 41849 49432 57832 66398 74120 79458 81051 78192 71075 60805 49180 38231 29541 23322 17890 12729 8426 5617 4749 5923 8838 12823 16961 20309 22206 22678 22951 25254 30960 40318 52720 66970 81548 94881 100000 100000 100000 100000 100000 100000 100000 97103 84212 70657 58306 48745 43022 41472 43647 48326 53804 59507 65029 69489 71984 71932 69252 64423 58393 52347 47339 43780 40918 38174 35989 34998 35729 38422 42936 48749 55048 60915 65603 68904 71603 75249 80366 86369 92155 96575 98770 98363 95524 90891 85361 79738 74323 69805 67385
70000 77666 82210 82109 77259 68622 57881 47078 38266 33157 32767 37065 44619 52969 61241 68395 73018 73944 70657 63490 53605 42765 32899 25445 20496 16323 12360 9054 6897 6230 7132 9371 12431 15610 18181 19638 20000 20288 22722 28751 38638 51742 66798 82202 96289 100000 100000 100000 100000 100000 100000 100000 100000 87423 73548 60494 49865 42803 39792 40532 43886 48140 53041 58536 63828 67896 69887 69372 66458 61764 56252 50921 46356 42275 38767 36629 36472 38563 42766 48544 55038 61212 66076 68973 69941 70096 70935 72961 75928 79195 82019 83754 84000 82661 79946 76285 72183 68058 65061 64531
70000 77654 82130 81874 76780 67831 56739 45582 36455 31098 30548 34772 42313 50624 58672 65421 69590 70188 66860 60035 50887 41114 32517 26391 22732 19823 17061 14757 13254 12789 13417 14978 17111 19326 21118 22134 22386 22660 24978 30719 40134 52613 66951 81620 95035 100000 100000 100000 100000 100000 100000 100000 99835 87921 74861 62273 51652 44123 40244 39849 41954 44980 49076 54545 60676 66325 70370 72031 71041 67691 62718 57064 51490 46182 41859 39631 40075 43210 48551 55203 62011 67756 71402 72389 70981 68584 66607 65531 65448 66186 67403 68673 69569 69733 68939 67152 64576 61744 60231 61474
70000 77658 82157 81952 76939 68094 57118 46079 37057 31782 31286 35534 43080 51363 59267 65781 69745 70315 67248 61030 52815 44213 36894 32024 29534 27758 26071 24664 23746 23463 23846 24799 26102 27454 28548 29168 29322 29556 31536 36441 44485 55146 67395 79927 91388 100000 100000 100000 100000 100000 100000 100000 95974 85925 74740 63747 54217 47150 43093 41989 43053 44980 48338 53735 60536 67490 73247 76722 77333 75085 70524 64544 58056 51646 46555 44142 44943 48765 54833 61963 68769 73896 76286 75474 71914 67230 62746 58935 56200 54780 54685 55672 57277 58891 59892 59825 58627 56952 56723 59416
70000 77677 82289 82340 77725 69394 58996 48537 40033 35165 34932 39302 46870 55138 62968 69388 73336 74069 71420 65890 58599 51068 44850 41011 39447 38558 37714 37011 36552 36410 36602 37078 37730 38406 38954 39264 39341 39517 41009 44706 50769 58804 68037 77482 86120 93069 97757 100000 100000 100000 99105 95556 89761 82179 73628 65084 57514 51704 48121 46775 47103 48166 50908 56149 63305 71052 77882 82502 84110 82515 78131 71820 64596 57319 51601 48968 49919 54103 60534 67824 74427 78903 80193 77910 72646 66171 59754 53893 49241 46353 45495 46538 48959 51926 54488 55851 55760 54989 55716 59388
70000 77708 82507 82975 79015 71526 62075 52566 44913 40713 40911 45480 53085 61346 69152 75566 79590 80542 78290 73336 66759 60013 54569 51427 50469 50154 49857 49608 49446 49396 49464 49632 49862 50101 50294 50403 50430 50543 51495 53855 57725 62854 68747 74775 80289 84725 87717 89210 89566 89477 88593 86344 82637 77737 72144 66477 61363 57332 54714 53547 53486 53985 56267 61244 68353 76242 83331 88242 90077 88563 84058 77408 69672 61833 55691 52872 53843 58156 64698 71961 78311 82266 82774 79500 73120 65488 57870 50830 45199 41723 40801 42333 45707 49904 53726 56153 56821 56635 57921 62044
70000 77747 82777 83762 80612 74167 65889 57556 50958 47584 48317 53132 60783 69042 76847 83281 87377 88479 86464 81830 75633 69286 64225 61415 60738 60688 60642 60603 60578 60570 60581 60607 60643 60680 60710 60727 60731 60785 61236 62353 64186 66615 69406 72261 74873 76974 78391 79098 79266 79225 78808 77739 75963 73596 70868 68073 65516 63460 62077 61396 61259 61492 63469 68075 74740 82121 88663 93016 94313 92313 87388 80393 72370 64270 57927 55002 55949 60276 66815 74010 80192 83864 83982 80236 73339 65179 57086 49733 44055 40866 40574 43023 47487 52791 57577 60703 61784 61866 63332 67425
70000 77788 83065 84604 82322 76993 69971 62899 57429 54939 56246 61324 69023 77283 85089 91531 95646 96783 94821 90255 84136 77870 72883 70137 69512 69511 69511 69511 69511 69511 69511 69511 69511 69511 69511 69511 69511 69514 69538 69597 69693 69821 69968 70119 70256 70367 70442 70479 70488 70486 70464 70407 70312 70186 70040 69889 69750 69638 69561 69522 69511 69685 71466 75627 81570 87993 93426 96631 96861 93978 88428 81082 72928 64778 58397 55449 56387 60709 67239 74412 80555 84168 84208 80373 73379 65129 57067 50002 44924 42630 43450 47115 52763 59089 64631 68203 69458 69587 70978 74732
70388 78181 83662 85703 84232 79967 74154 68305 63939 62320 64194 69535 77283 85546 93372 99859 100000 100000 100000 98878 92810 86571 81586 78822 78165 78125 78062 77967 77845 77710 77578 77466 77385 77340 77329 77345 77376 77367 77022 76113 74594 72564 70217 67804 65589 63801 62591 61985 61841 61874 62217 63100 64578 66564 68871 71256 73465 75270 76518 77175 77370 77565 79200 82917 88087 93458 97667 99613 98689 94882 88719 81087 72905 64822 58495 55572 56502 60787 67262 74375 80466 84048 84088 80285 73351 65179 57330 50750 46469 45243 47307 52264 59119 66447 72706 76681 78085 78246 79516 82826
72709 80298 85725 87958 86953 83404 78487 73608 70167 69311 71704 77294 85089 93372 100000 100000 100000 100000 100000 100000 100000 97080 92090 89190 88318 88021 87555 86859 85977 85013 84088 83313 82765 82477 82433 82575 82821 82998 82495 80832 77894 73860 69117 64179 59596 55861 53311 52025 51716 51778 52419 54088 56909 60737 65235 69947 74375 78066 80705 82199 82785 83194 84841 88212 92665 97031 100000 100000 99012 94548 88103 80559 72743 65115 59146 56389 57266 61309 67417 74127 79873 83253 83291 79703 73161 65460 58198 52424 49176 49156 52506 58723 66715 74982 81942 86393 88099 88481 89702 92394
77348 84410 89389 91332 90260 86894 82390 78092 75298 75039 77874 83690 91531 99859 100000 100000 100000 100000 100000 100000 100000 100000 100000 100000 99463 98576 97216 95220 92729 90040 87501 85417 83993 83304 83290 83777 84529 85206 84902 82894 78970 73345 66558 59356 52568 46962 43090 41116 40636 40713 41520 43660 47339 52424 58512 65019 71279 76658 80682 83178 84427 85351 87248 90427 94252 97683 99692 99555 97012 92305 86088 79209 72365 65793 60652 58277 59033 62514 67775 73554 78503 81414 81446 78356 72722 66098 59976 55432 53463 54698 59204 66427 75254 84199 91729 96699 98928 99825 100000 100000
83485 89687 93805 94959 93267 89528 84936 80813 78378 78545 81742 87762 95647 100000 100000 100000 100000 100000 100000 100000 100000 100000 100000 100000 100000 100000 100000 100000 96579 91478 86746 82960 80488 79439 79657 80781 82356 83863 84174 82356 78075 71527 63334 54420 45853 38662 33623 31023 30384 30456 31253 33430 37290 42786 49565 57036 64468 71118 76380 79975 82153 83899 86297 89443 92731 95301 96377 95491 92599 88079 82622 77006 71762 66870 63046 61279 61841 64431 68345 72644 76326 78491 78515 76217 72025 67103 62666 59701 59101 61413 66674 74357 83440 92575 100000 100000 100000 100000 100000 100000
89739 94808 97733 97694 94934 90374 85288 81012 78704 79157 82651 88857 96783 100000 100000 100000 100000 100000 100000 100000 100000 100000 100000 100000 100000 100000 100000 100000 96311 88532 81472 76004 72652 71518 72294 74370 77043 79653 80968 79905 75994 69350 60598 50757 41064 32767 26857 23764 22994 23042 23634 25372 28652 33592 40007 47430 55189 62517 68726 73410 76709 79529 82628 85870 88696 90465 90698 89223 86233 82248 77980 74113 70979 68270 66157 65181 65492 66923 69085 71461 73495 74691 74705 73435 71119 68403 66053 64835 65480 68456 73822 81184 89737 98400 100000 100000 100000 100000 100000 100000
94669 98451 99992 98529 94442 88804 82992 78374 76059 76718 80473 86854 94822 100000 100000 100000 100000 100000 100000 100000 100000 100000 100000 100000 100000 100000 100000 100000 91440 81198 72152 65440 61693 60942 62667 65977 69928 73806 76416 76600 73750 67849 59443 49553 39501 30688 24288 20884 20027 20031 20246 21108 23103 26573 31601 37968 45172 52522 59290 64946 69446 73484 77401 80812 83218 84221 83663 81690 78748 75496 72665 70824 70091 69856 69681 69600 69626 69744 69924 70121 70289 70389 70390 70284 70092 69870 69789 70274 71842 74895 79585 85749 92916 100000 100000 100000 100000 100000 100000 100000
97144 99626 99766 96859 91425 84687 78129 73154 70820 71679 75692 82247 90255 98878 100000 100000 100000 100000 100000 100000 100000 100000 100000 100000 100000 100000 100000 94511 82400 70335 60041 52843 49396 49589 52645 57380 62662 67835 71878 73634 72367 67893 60615 51471 41785 33037 26538 23017 22118 22068 21785 21463 21661 22975 25828 30331 36242 43016 49942 56371 62032 67298 72043 75630 77619 77858 76514 74052 71168 68667 67292 67501 69195 71457 73239 74062 73800 72594 70770 68767 67052 66043 66032 67103 69056 71345 73466 75410 77452 79952 83209 87374 92402 98065 100000 100000 100000 100000 100000 100000
96563 97876 96778 92623 86059 78438 71332 66158 63919 65045 69348 76085 84136 92810 100000 100000 100000 100000 100000 100000 100000 100000 100000 100000 100000 100000 95880 83945 70519 57555 46986 40216 37824 39496 44169 50394 56920 63273 68707 72121 72677 70015 64358 56504 47712 39475 33193 29720 28819 28711 27888 26267 24455 23309 23600 25804 29979 35773 42526 49492 56157 62530 68004 71704 73241 72687 70512 67483 64536 62618 62490 64513 68387 72902 76449 78087 77566 75164 71534 67547 64132 62124 62102 64234 68121 72671 76694 79708 81743 83144 84400 86017 88416 91860 96417 100000 100000 100000 100000 100000
92939 93336 91311 86286 79012 70929 63653 58589 56663 58187 62838 69776 77870 86571 97080 100000 100000 100000 100000 100000 100000 100000 100000 100000 100000 94381 84275 71584 57757 44922 35094 29634 28960 32506 38927 46557 54118 61411 68015 72912 75192 74337 70390 63996 56312 48805 42911 39585 38709 38548 37234 34420 30745 27282 25121 25066 27463 32153 38545 45819 53250 60494 66509 70202 71216 69814 66723 62978 59732 58070 58788 62172 67748 74044 78986 81269 80543 77196 72138 66582 61824 59026 58994 61965 67382 73714 79160 82784 84402 84362 83359 82252 81904 83039 86110 91187 97859 100000 100000 100000
86843 86653 84104 78699 71258 63257 56303 51746 50415 52505 57584 64744 72883 81586 92090 100000 100000 100000 100000 100000 100000 100000 100000 99553 91152 82793 72286 59563 46223 34458 26240 22783 24276 29880 38000 46822 55121 63038 70452 76429 80013 80573 78013 72846 66136 59304 53800 50636 49792 49592 47917 44219 39150 33940 29907 28099 29081 32845 38863 46270 54186 61996 68307 71836 72239 69916 65800 61143 57294 55467 56511 60668 67330 74794 80653 83360 82499 78530 72534 65948 60308 56990 56953 60475 66896 74395 80695 84486 85415 83859 80696 77089 74270 73334 75036 79596 86509 94320 100000 100000
79205 78758 76093 70802 63741 56370 50235 46585 46134 48961 54546 61951 70137 78822 89190 100000 100000 100000 100000 100000 100000 100000 99553 89534 80801 72204 61755 49612 37464 27466 21447 20399 24245 31882 41511 51239 59963 68178 75994 82528 86806 88137 86349 81881 75741 69316 64055 60997 60176 59956 58092 53930 48128 41992 36957 34201 34403 37640 43420 50859 58996 67066 73427 76636 76336 73018 67766 62004 57243 54826 55670 60008 67133 75149 81442 84349 83424 79162 72722 65648 59590 56027 55987 59769 66667 74711 81327 84933 85074 82160 77218 71633 66897 64359 64973 69049 76002 84094 90456 92923
70976 70511 68020 63196 56909 50562 45601 43146 43779 47464 53611 61277 69512 78165 88318 99463 100000 100000 100000 100000 100000 100000 91152 80801 71954 63355 53269 42079 31522 23654 20101 21596 27784 37321 48247 58640 67557 75833 83733 90389 94820 96326 94715 90410 84404 78078 72876 69845 69029 68806 66900 62636 56672 50331 45072 42103 42128 45242 50963 58403 66583 74694 80927 83702 82636 78271 71803 64795 58903 55591 55858 59952 67094 75221 81602 84550 83612 79290 72760 65587 59444 55832 55791 59627 66620 74768 81329 84553 83926 79897 73600 66570 60464 56786 56602 60263 67127 75283 81953 85255
62709 62260 60008 55756 50380 45217 41589 40471 42300 46916 53655 61578 69837 78422 88291 98823 100000 100000 100000 100000 100000 94676 83106 72526 63679 55196 45597 35488 26631 20964 19900 23906 32360 43694 55810 66779 75822 84097 91983 98603 100000 100000 100000 98381 92330 85979 80773 77756 76966 76774 74917 70730 64865 58635 53487 50613 50709 53865 59598 67027 75182 83249 89274 91543 89638 84150 76375 68015 60867 56523 56067 59769 66782 74878 81237 84175 83240 78934 72426 65278 59157 55557 55516 59338 66307 74418 80812 83601 82232 77190 69697 61412 54125 49461 48570 51832 58553 66689 73599 77698
54854 54251 52162 48543 44282 40617 38700 39300 42645 48401 55803 63914 72031 80336 89598 99067 100000 100000 100000 100000 97951 86532 74691 64242 55773 47778 39002 30219 23173 19658 20876 27064 37394 50148 63162 74546 83677 91939 99718 100000 100000 100000 100000 100000 97820 91308 86088 83185 82590 82629 81129 77483 72316 66861 62467 60234 60794 64205 69992 77319 85281 93113 98722 100000 97210 90277 80855 70795 62055 56369 54918 57996 64681 72561 78753 81613 80703 76510 70173 63213 57253 53747 53708 57429 64215 72105 78190 80494 78435 72524 64043 54730 46466 40951 39394 42195 48622 56553 63538 68317
48303 47268 45180 42207 39250 37414 37619 40350 45548 52644 60732 68878 76578 84271 92443 100000 100000 100000 100000 99618 89618 77834 66273 56576 49101 42186 34736 27593 22406 20794 23770 31416 42816 56240 69587 81082 90227 98459 100000 100000 100000 100000 100000 100000 99248 92429 87230 84625 84501 85093 84413 81981 78348 74565 71764 70850 72320 76180 81989 89015 96501 100000 100000 100000 100000 96098 84767 72747 62152 54854 52128 54292 60349 67717 73510 76186 75334 71411 65484 58972 53396 50117 50080 53562 59910 67282 72843 74613 72010 65543 56500 46623 37797 31728 29628 31895 37800 45227 52000 57208
44028 42258 39947 37511 35869 35969 38455 43476 50639 59094 67766 75729 82712 89449 96072 100000 100000 100000 99654 91497 80799 69248 58678 50449 44628 39414 33775 28491 25031 24819 28727 36791 48160 61263 74215 85435 94503 100000 100000 100000 100000 100000 100000 100000 96174 88997 83924 81845 82495 83973 84562 83949 82559 81163 80571 81415 84011 88317 93971 100000 100000 100000 100000 100000 100000 100000 87495 73657 61315 52437 48359 49416 54562 61105 66253 68631 67874 64388 59120 53333 48378 45464 45431 48525 54167 60711 65536 66767 63851 57271 48249 38436 29619 23417 20978 22680 27831 34438 40671 45954
42707 39942 37157 35024 34479 36308 40875 47988 56909 66504 75527 83058 89065 94571 99331 100000 100000 99039 92344 82969 72184 61593 52754 46656 43048 40035 36548 33167 31107 31597 35431 42724 52853 64581 76377 86926 95825 100000 100000 100000 100000 100000 100000 97814 89145 81692 76913 75590 77270 79903 82081 83659 84884 86181 87981 90606 94198 98700 100000 100000 100000 100000 100000 100000 100000 100000 88544 73508 59975 49922 44693 44623 48662 54125 58426 60414 59781 56868 52466 47630 43490 41054 41027 43612 48327 53790 57724 58466 55525 49332 40969 31904 23724 17865 15348 16509 20733 26260 31646 36608
44494 40567 37079 34928 35063 38130 44243 52913 63097 73410 82457 89322 94183 98309 100000 100000 98715 92899 84514 74582 64447 55544 49070 45587 44540 44015 42810 41186 40059 40475 43227 48629 56425 65849 75839 85386 94039 100000 100000 100000 100000 100000 98214 88805 79457 71929 67650 67270 70144 74084 77980 81809 85605 89423 93313 97314 100000 100000 100000 100000 100000 100000 100000 100000 100000 100000 87713 72477 58668 48161 42230 41196 44060 48291 51628 53169 52679 50419 47004 43254 40042 38153 38132 40137 43794 48026 51002 51356 48684 43341 36215 28513 21538 16469 14146 14843 18057 22348 26664 30937
48931 43798 39443 36929 37218 40850 47758 57229 67998 78493 87209 93233 96900 99645 100000 98607 93554 85880 76554 66838 58071 51441 47737 47085 48676 50662 51640 51475 50766 50411 51272 53946 58637 65137 72902 81241 89603 97630 100000 100000 100000 97760 88820 78573 68885 61563 57980 58655 62764 68023 73551 79381 85311 91046 96317 100000 100000 100000 100000 100000 100000 100000 100000 100000 100000 98833 85178 70911 57908 47828 41800 40106 41864 44846 47202 48290 47944 46348 43938 41290 39022 37688 37673 39089 41671 44656 46703 46796 44635 40481 34999 29088 23718 19769 17867 18216 20441 23474 26618 29935
54996 48743 43455 40287 40208 43699 50593 60052 70691 80833 88913 94019 96573 98083 97449 93713 87037 78325 68878 60098 53242 49205 48364 50448 54469 58721 61575 62479 61739 60144 58671 58242 59546 62936 68378 75474 83539 91529 97207 98870 96020 89161 79562 68984 59380 52562 49826 51564 56822 63265 70151 77473 84799 91554 97240 100000 100000 100000 100000 100000 100000 100000 100000 100000 100000 93184 81474 69266 58087 49289 43790 41822 42664 44513 45977 46654 46439 45447 43948 42301 40891 40062 40053 40933 42538 44392 45632 45593 44077 41258 37569 33598 29983 27298 25952 26080 27436 29323 31339 33588
61295 54125 47955 43957 43100 45855 52035 60782 70687 80054 87306 91533 93171 93716 91970 87116 79622 70699 61853 54526 49830 48365 50137 54560 60550 66599 70872 72448 71386 68416 64640 61285 59480 60065 63438 69436 77242 85211 90745 92128 88948 81839 72186 61827 52734 46673 44853 47559 53762 61134 68961 77110 84943 91697 96774 99916 100000 100000 100000 100000 100000 100000 100000 99337 93986 86405 77400 68031 59416 52547 48098 46238 46440 47387 48141 48490 48379 47868 47096 46249 45523 45096 45091 45544 46371 47324 47945 47875 47006 45433 43389 41193 39189 37688 36911 36931 37615 38588 39657 40911
66391 58588 51693 46835 44978 46622 51631 59204 67993 76353 82737 86232 87233 87155 84796 79496 71928 63477 55727 50069 47444 48191 52033 58168 65501 72740 77912 79821 78364 74237 68655 63076 58948 57464 59326 64528 72146 80112 85641 87057 84022 77227 68091 58445 50209 45069 44140 47630 54495 62470 70758 79031 86490 92293 95863 97072 96297 94344 92243 90927 90764 91043 90524 88520 84866 79796 73822 67617 61891 57273 54192 52755 52626 52974 53255 53385 53344 53154 52866 52550 52280 52121 52119 52288 52596 52950 53176 53131 52774 52142 51327 50452 49652 49049 48728 48719 48968 49331 49741 50244
69279 61142 53743 48125 45247 45663 49327 55553 63104 70428 76036 79013 79675 79315 76802 71613 64534 56995 50548 46481 45566 47945 53157 60298 68318 76134 81721 83740 82008 77211 70626 63839 58468 55886 56952 61738 69258 77236 82875 84590 82086 76057 67876 59296 52135 47971 47832 51882 59111 67358 75660 83451 89826 93957 95394 94222 91079 87038 83347 81038 80391 80408 80040 78943 77036 74433 71387 68228 65303 62923 61297 60478 60302 60362 60413 60436 60429 60394 60342 60285 60236 60207 60207 60237 60293 60357 60397 60386 60315 60192 60035 59866 59711 59594 59530 59525 59569 59635 59712 59809
69996 61753 54044 47812 44013 43260 45618 50533 56904 63289 68266 70916 71464 71070 68708 63974 57686 51236 46083 43383 43761 47224 53214 60802 69020 76962 82636 84670 82861 77895 71065 63987 58318 55477 56356 61043 68541 76540 82363 84539 82799 77795 70811 63473 57471 54265 54800 59223 66593 74870 82879 89806 94675 96743 95749 92032 86507 80497 75424 72370 71480 71462 71401 71238 70961 70586 70148 69695 69275 68931 68694 68569 68536 68535 68535 68535 68535 68535 68535 68535 68535 68535 68535 68535 68535 68535 68535 68535 68535 68534 68534 68533 68532 68532 68532 68532 68532 68532 68532 68533
70267 62005 54069 47295 42625 40735 41799 45401 50582 56022 60373 62720 63192 62811 60673 56484 51072 45764 41901 40497 42034 46400 52964 60798 69029 76924 82553 84545 82701 77710 70863 63776 58102 55256 56126 60799 68275 76275 82283 84954 84046 80157 74463 68453 63672 61451 62655 67412 74862 83101 90732 96687 99940 99848 96359 90081 82205 74296 67936 64237 63200 63232 63527 64279 65537 67231 69202 71244 73139 74694 75776 76354 76529 76556 76574 76583 76580 76568 76549 76528 76511 76500 76500 76511 76531 76555 76588 76632 76687 76745 76798 76839 76863 76869 76861 76842 76819 76795 76768 76734
72309 64209 56223 49051 43581 40518 40132 42156 45806 49935 53325 55104 55303 54773 52780 49172 44774 40802 38427 38466 41217 46422 53379 61177 69076 76570 81816 83471 81361 76188 69242 62121 56448 53597 54419 58974 66269 74095 80153 83262 83229 80607 76449 72076 68841 67901 69991 75202 82762 90960 98189 100000 100000 100000 96426 87638 77517 67862 60397 56243 55242 55494 56227 57811 60342 63685 67546 71540 75260 78343 80546 81805 82314 82542 82715 82796 82770 82653 82475 82280 82113 82014 82013 82118 82308 82538 82838 83253 83754 84276 84743 85092 85287 85322 85223 85037 84815 84588 84331 84024
76700 69071 61369 54123 48102 43973 42065 42256 43975 46315 48268 49072 48677 47724 45727 42722 39502 37108 36457 38090 42060 47934 54935 62203 69194 75695 80010 80873 78171 72635 65544 58443 52864 50075 50825 55114 61965 69325 75175 78549 79341 78075 75678 73266 71950 72644 75892 81706 89416 97572 100000 100000 100000 100000 95530 84508 72498 61496 53328 49086 48441 49197 50490 52735 56039 60251 65043 69984 74617 78539 81476 83358 84401 85120 85679 85937 85854 85476 84905 84277 83740 83424 83420 83756 84368 85106 86060 87357 88904 90492 91886 92897 93417 93442 93062 92430 91707 90975 90162 89210
82727 75907 68901 62048 55929 51091 47854 46210 45811 46038 46167 45618 44293 42619 40433 37997 36041 35365 36556 39810 44883 51144 57751 63931 69387 74264 77084 76721 73166 67191 60041 53152 47892 45336 46056 49950 56082 62654 67978 71324 72713 72669 72005 71630 72381 74886 79448 85961 93847 100000 100000 100000 100000 100000 93526 80843 67576 55860 47560 43697 43769 45330 47296 49969 53427 57558 62119 66790 71233 75149 78334 80737 82518 84042 85231 85780 85605 84800 83583 82246 81101 80428 80420 81135 82439 84009 86014 88698 91854 95044 97787 99701 100000 100000 99509 98090 96527 94969 93260 91309
89045 83326 77425 71499 65886 60926 56848 53695 51315 49390 47522 45374 42852 40203 37645 35678 34946 35963 38931 43663 49594 55892 61662 66251 69642 72374 73255 71372 66856 60521 53545 47193 42589 40528 41332 44762 49956 55467 59946 62892 64473 65256 65982 67376 70016 74237 80079 87287 95351 100000 100000 100000 100000 100000 90511 76975 63282 51628 43840 40831 41944 44561 47273 50118 53111 56231 59433 62655 65834 68913 71855 74649 77326 79914 81939 82875 82577 81206 79133 76856 74906 73759 73746 74964 77184 79855 83224 87661 92799 97904 100000 100000 100000 100000 100000 100000 98547 95895 93026 89832
94198 89774 85304 80810 76350 71990 67774 63721 59812 55998 52214 48401 44536 40754 37674 36029 36360 38873 43377 49295 55749 61723 66293 68940 69936 70209 68918 65420 60012 53543 47085 41675 38119 36859 37917 40890 45022 49299 52674 54831 56095 57116 58618 61206 65250 70824 77720 85520 93739 100000 100000 100000 100000 98366 86773 73286 60055 49241 42568 40809 43187 47010 50483 53271 55298 56672 57629 58479 59550 61133 63424 66473 70126 73936 76922 78302 77863 75840 72784 69427 66552 64862 64843 66638 69911 73845 78743 85087 92313 99356 100000 100000 100000 100000 100000 100000 97530 93621 89452 84932
97006 93930 91079 88394 85654 82600 79025 74833 70061 64864 59476 54124 48916 43963 40275 38788 39931 43618 49290 56013 62636 67988 71138 71709 70237 68003 64555 59558 53487 47207 41652 37585 35444 35280 36780 39375 42440 45439 47561 48602 49035 49628 51152 54173 58931 65310 72893 81102 89433 97478 100000 100000 100000 93843 82729 70113 58109 48767 43654 43387 47114 52167 56360 58931 59700 58923 57160 55143 53650 53367 54761 57951 62570 67628 71598 73431 72848 70160 66098 61636 57815 55567 55542 57928 62278 67503 73923 82090 91230 99950 100000 100000 100000 100000 100000 99274 93833 88638 83180 77424
96796 94979 93753 93047 92390 91188 88938 85361 80462 74521 68003 61399 54990 48958 44655 43178 44852 49335 55760 62904 69394 73951 75655 74256 70512 65995 60646 54454 48056 42318 38009 35597 35138 36286 38395 40744 42855 44672 45529 45258 44452 44019 44834 47504 52232 58798 66638 75038 83427 91470 97266 98986 96047 88915 78861 67680 57386 49867 46505 47770 52774 58950 63772 66069 65560 62642 58187 53339 49305 47156 47621 50881 56368 62568 67437 69686 68970 65673 60691 55219 50532 47776 47745 50671 56007 62407 70171 79864 90504 100000 100000 100000 100000 100000 100000 95150 88385 82016 75421 68672
93510 92728 92948 94146 95649 96562 96080 93702 89334 83289 76183 68719 61372 54465 49626 48059 50005 54929 61733 68985 75163 78916 79349 76315 70733 64391 57595 50635 44290 39400 36565 35963 37293 39843 42674 44937 46306 47158 46887 45282 43023 41160 40710 42387 46441 52635 60330 68707 77101 85148 91014 92984 90593 84381 75626 66061 57568 51860 50143 52761 58822 65901 71233 73316 71790 67166 60566 53459 47400 43766 43493 46815 53000 60120 65711 68294 67472 63686 57964 51678 46296 43130 43094 46455 52583 59927 68717 79478 91044 100000 100000 100000 100000 100000 98752 90384 82509 75195 67737 60341
87661 87601 88933 91721 95163 98121 99529 98658 95273 89648 82462 74564 66611 59110 53883 52195 54229 59324 66242 73424 79262 82371 81880 77711 70883 63321 55644 48394 42452 38616 37324 38502 41546 45445 49033 51369 52267 52455 51310 48531 44840 41414 39423 39727 42684 48109 55357 63543 71899 79954 85909 88157 86315 80965 73367 65180 58167 53897 53436 57041 63835 71528 77239 79277 77232 71683 63898 55540 48368 43938 43310 46749 53427 61166 67246 70054 69161 65043 58822 51988 46136 42694 42656 46310 52972 60948 70367 81662 93526 100000 100000 100000 100000 100000 95756 86289 77613 69663 61680 54025
80151 80476 82515 86434 91371 96032 99148 99797 97591 92716 85839 77885 69660 61861 56428 54652 56684 61807 68716 75796 81403 84144 83160 78410 70957 62804 54807 47700 42422 39721 39894 42665 47205 52290 56594 59133 59832 59675 57972 54303 49402 44536 41021 39865 41566 46037 52678 60578 68869 76929 82948 85385 83902 79094 72204 64839 58688 55235 55471 59604 66772 74777 80756 82978 81026 75491 67669 59262 52067 47676 47173 50828 57795 65844 72167 75088 74159 69877 63406 56299 50213 46633 46593 50393 57322 65609 75261 86588 98187 100000 100000 100000 100000 100000 94110 83880 74738 66471 58299 50740
71952 72402 74804 79430 85408 91356 95870 97876 96842 92842 86492 78732 70481 62610 57125 55322 57344 62461 69354 76395 81935 84577 83469 78577 70975 62703 54798 48126 43654 42073 43564 47700 53492 59572 64524 67341 68044 67786 65792 61519 55686 49625 44767 42261 42747 46254 52253 59837 68054 76115 82153 84646 83267 78612 71919 64779 58860 55624 56040 60306 67566 75657 81829 84442 83099 78363 71460 64003 57693 54041 54072 58042 65149 73275 79656 82603 81665 77344 70814 63642 57499 53887 53846 57682 64675 73028 82624 93630 100000 100000 100000 100000 100000 100000 94020 83308 73962 65622 57507 50284
63674 64145 66767 71914 78727 85767 91527 94800 94918 91838 86103 78649 70485 62652 57204 55434 57483 62620 69524 76572 82114 84759 83656 78775 71189 62964 55293 49150 45516 45022 47741 53113 60016 66972 72495 75580 76325 76024 73809 69018 62347 55184 49061 45262 44564 47116 52463 59713 67835 75877 81897 84374 82985 78329 71640 64512 58609 55389 55819 60093 67356 75464 81821 84926 84412 80788 75174 69041 63947 61274 61967 66263 73432 81522 87874 90811 89884 85594 79114 72000 65916 62352 62342 66187 73169 81495 90917 100000 100000 100000 100000 100000 100000 100000 94280 83185 73735 65414 57446 50636
55731 56034 58609 63932 71214 79029 85830 90320 91699 89783 84991 78197 70463 63002 57907 56446 58739 64041 71036 78114 83656 86309 85256 80488 73073 65062 57775 52260 49469 49948 53653 59913 67513 74922 80643 83709 84301 83792 81205 75769 68161 59815 52362 47206 45251 46755 51335 58108 65975 73829 79670 81995 80503 75808 69152 62117 56348 53272 53821 58167 65450 73585 80226 84066 84749 82671 78767 74297 70620 68969 70208 74589 81505 89230 95294 98109 97269 93271 87244 80674 75135 72023 72297 76217 83093 91219 100000 100000 100000 100000 100000 100000 100000 100000 92557 81155 71747 63612 55922 49577
48974 48779 50822 55680 62726 70681 78078 83605 86356 85966 82647 77113 70407 63899 59694 58989 61843 67486 74614 81673 87129 89731 88759 84262 77280 69777 63137 58419 56482 57732 62003 68542 76116 83236 88501 91050 91143 90138 86943 80711 72106 62595 53874 47434 44262 44693 48393 54486 61824 69198 74578 76511 74753 69961 63387 56595 51171 48462 49319 53849 61186 69361 76437 81370 83779 83848 82208 79804 77725 77024 78508 82502 88599 95379 100000 100000 100000 99155 94201 88932 84700 82675 83626 87714 94306 100000 100000 100000 100000 100000 100000 100000 100000 100000 87837 76347 67262 59604 52409 46592
44387 43329 44283 47917 53867 61150 68521 74757 78882 80319 78992 75346 70312 65390 62638 63117 66788 72847 80024 86875 92029 94422 93503 89416 83150 76473 70767 67034 65959 67762 72140 78293 85050 91074 95166 96653 95872 94061 90043 82956 73462 63034 53379 46001 41903 41432 44263 49521 56048 62622 67234 68513 66312 61356 54921 48532 43682 41587 42957 47794 55220 63449 71087 77408 81955 84602 85572 85403 84867 84834 86091 89108 93749 98951 100000 100000 100000 100000 98616 95339 93123 92775 94757 99075 100000 100000 100000 100000 100000 100000 100000 100000 100000 93809 80558 69341 60924 54059 47586 42322
42698 40461 39825 41521 45535 51315 57974 64479 69831 73238 74268 73006 70186 67378 66525 68483 73080 79473 86468 92788 97310 99243 98278 94684 89366 83784 79256 76664 76460 78632 82727 87933 93204 97447 99760 99725 97751 94880 89908 82044 71962 61105 51116 43422 38943 37956 40089 44460 49959 55461 59045 59450 56654 51480 45231 39381 35300 34027 36083 41331 48876 57167 65430 73269 80102 85422 88977 90859 91514 91661 92123 93572 96194 99280 100000 100000 100000 100000 99351 98487 98732 100000 100000 100000 100000 100000 100000 100000 100000 100000 100000 100000 99070 85049 71980 61489 54078 48276 42697 37956
44131 40513 37934 37159 38576 42157 47475 53773 60083 65405 68929 70317 70040 69671 70957 74492 79945 86447 92914 98301 100000 100000 100000 98715 94479 90161 86961 85609 86281 88706 92277 96185 99554 100000 100000 99904 96538 92456 86513 78079 67858 57220 47669 40451 36302 35336 37080 40634 44992 49255 51648 51040 47558 42130 36095 30870 27680 27358 30209 35932 43615 51966 60840 70131 79093 86809 92540 95951 97203 96917 96013 95417 95638 96270 96500 96187 95648 95388 95897 97503 100000 100000 100000 100000 100000 100000 100000 100000 100000 100000 100000 100000 89653 75879 63665 54369 48231 43662 39064 34762
48300 43245 38585 35085 33544 34496 38022 43695 50623 57628 63532 67565 69889 72022 75442 80442 86524 92811 98362 100000 100000 100000 100000 100000 97298 94280 92442 92351 93901 96553 99548 100000 100000 100000 100000 97397 92596 87282 80464 71753 61896 52158 43831 37895 34809 34449 36184 39093 42323 45309 46477 44826 40636 34948 29134 24552 22279 22937 26606 32819 40643 49048 58443 68943 79611 89137 96344 100000 100000 100000 97605 94685 92374 90473 88539 86857 85982 86447 88570 92341 97406 100000 100000 100000 100000 100000 100000 100000 100000 100000 100000 93359 80368 67764 57081 49368 44652 41354 37724 33742
54241 47854 41214 35063 30577 28822 30379 35154 42363 50693 58643 65043 69750 74175 79483 85653 92030 97748 100000 100000 100000 100000 100000 99282 97135 95317 94750 95861 98285 100000 100000 100000 100000 100000 98397 92981 86864 80428 72923 64250 55210 46937 40470 36463 35041 35789 37888 40389 42623 44435 44474 41864 37021 31093 25483 21494 20064 21624 26047 32711 40666 49111 58885 70227 82008 92578 100000 100000 100000 100000 97233 91966 87266 83029 79048 75958 74520 75305 78504 83843 90601 97736 100000 100000 100000 100000 100000 100000 100000 100000 94751 83915 72532 61928 53306 47409 44111 41986 39214 35423
60590 53113 44822 36417 29382 25224 24950 28763 35991 45231 54734 63006 69638 75909 82662 89580 95878 100000 100000 100000 100000 100000 97488 95273 93908 93070 93575 95759 99051 100000 100000 100000 100000 100000 94596 87857 80684 73353 65402 57039 49118 42640 38378 36648 37228 39398 42146 44491 45961 46820 45943 42554 37183 31060 25615 22106 21362 23654 28688 35717 43779 52247 62233 74000 86247 97074 100000 100000 100000 100000 95652 88286 81595 75457 69756 65359 63178 63831 67446 73578 81263 89179 95939 100000 100000 100000 100000 100000 98775 92802 85010 76155 67199 59149 52861 48798 46762 45592 43491 39781
65893 57668 48219 38210 29331 23400 21728 24737 31845 41603 52100 61620 69561 77079 84717 91913 97786 100000 100000 100000 98538 94699 91206 88965 88111 87950 89256 92339 96488 100000 100000 100000 100000 97365 90918 83369 75497 67566 59423 51545 44840 40186 38116 38645 41234 44893 48433 50845 51834 52042 50540 46619 40886 34630 29299 26118 25841 28633 34085 41364 49498 57975 68010 79815 91948 100000 100000 100000 100000 100000 93854 84860 76755 69312 62368 56886 53866 53976 57341 63460 71260 79281 86000 90279 91954 92376 92158 90652 87575 83006 77315 71075 64962 59643 55647 53217 52161 51647 49990 46288
69066 60455 50401 39541 29671 22771 20314 22841 29825 39799 50772 60914 69521 77657 85622 92667 97857 100000 100000 97387 92858 87847 83664 81257 80632 80832 82654 86448 91446 96370 99915 100000 99406 94974 88397 80581 72383 64160 56039 48711 43120 40049 39850 42300 46617 51602 55927 58563 59352 59228 57406 53212 47295 40972 35698 32684 32647 35695 41360 48767 56938 65409 75366 86912 98517 100000 100000 100000 100000 100000 92743 82706 73821 65703 58037 51759 47893 47156 49725 55138 62344 69882 76204 80136 81479 81583 81295 80274 78389 75720 72501 69066 65787 63013 61000 59850 59432 59258 57820 54100
69986 61276 51063 39978 29842 22680 20005 22393 29330 39347 50435 60734 69511 77779 85652 92251 96618 98083 96493 92303 86522 80524 75713 73050 72441 72755 74870 79234 85072 91037 95714 97983 97250 93525 87372 79710 71478 63199 55239 48436 43761 41933 43173 47099 52758 58805 63819 66757 67552 67343 65439 61176 55212 48870 43611 40641 40665 43778 49498 56938 65118 73577 83381 94505 100000 100000 100000 100000 100000 100000 92698 82123 72964 64662 56691 49874 45212 43467 44901 49163 55311 61979 67676 71240 72416 72449 72365 72116 71677 71069 70348 69591 68878 68285 67865 67634 67562 67483 66099 62369
70172 61476 51275 40198 30066 22902 20220 22597 29522 39528 50609 60905 69684 77919 85561 91624 95137 95491 92642 87180 80253 73348 67941 64997 64332 64673 66990 71834 78452 85446 91302 94780 95153 92322 86777 79427 71286 63061 55339 49079 45269 44568 47088 52308 59139 66117 71749 74984 75837 75613 73700 69439 63488 57167 51930 48979 49014 52128 57838 65256 73409 81822 91429 100000 100000 100000 100000 100000 100000 100000 93286 82377 73125 64807 56670 49392 43938 41115 41287 44237 49167 54834 59837 63037 64118 64180 64399 65012 66078 67546 69281 71102 72814 74240 75255 75816 75999 75945 74577 70856
71943 63418 53379 42434 32384 25239 22513 24792 31589 41466 52445 62687 71454 79656 87074 92619 95309 94592 90531 83845 75813 68035 62055 58840 58120 58463 60805 65739 72553 79874 86192 90243 91253 89060 84093 77218 69454 61607 54494 49190 46654 47426 51454 58056 66007 73759 79798 83123 83860 83474 81475 77251 71452 65360 60371 57630 57789 60905 66487 73662 81493 89551 98696 100000 100000 100000 100000 100000 100000 100000 95212 84178 74896 66561 58203 50321 43846 39660 38272 39646 43160 47723 52027 54944 56067 56315 56981 58567 61217 64805 69019 73435 77597 81088 83615 85081 85663 85791 84591 81001
76076 68012 58404 47812 37982 30891 28046 30063 36516 46046 56754 66851 75588 83761 90986 96086 98069 96433 91331 83594 74614 66087 59615 56166 55399 55701 57763 62105 68098 74531 80074 83613 84470 82504 78098 72017 65157 58279 52427 48772 48152 50883 56674 64646 73463 81573 87547 90534 90824 90000 87771 83646 78257 72776 68454 66276 66762 69886 75126 81648 88619 95750 100000 100000 100000 100000 100000 100000 100000 100000 99007 88226 79028 70672 62012 53320 45506 39578 36258 35749 37658 41067 44759 47593 49026 49745 51087 53764 57981 63558 70042 76820 83228 88665 92704 95206 96427 97026 96299 93117
81974 74689 65815 55820 46365 39363 36316 37891 43760 52702 62948 72799 81486 89638 96731 100000 100000 100000 94924 86461 76825 67780 60967 57358 56558 56774 58239 61286 65415 69724 73247 75201 75147 73050 69250 64346 58983 53724 49818 48477 50316 55323 62898 71960 81120 88929 94180 96291 95747 94182 91562 87604 82909 78468 75275 74053 75096 78231 82890 88306 93818 99386 100000 100000 100000 100000 100000 100000 100000 100000 100000 93911 84921 76542 67524 57885 48538 40667 35254 32789 33130 35534 38856 41904 43969 45474 47703 51467 57001 64099 72240 80718 88771 95707 100000 100000 100000 100000 100000 100000
88335 82105 74221 65036 56085 49206 45886 46861 51942 60087 69711 79229 87846 95991 100000 100000 100000 100000 100000 91625 81730 72481 65533 61860 61047 61142 61766 62979 64457 65720 66312 65923 64455 62033 58956 55598 52248 49161 47736 49154 53711 60989 70051 79639 88397 95101 98904 99594 97869 95300 92152 88421 84664 81628 79963 80032 81828 84979 88854 92774 96311 99773 100000 100000 100000 100000 100000 100000 100000 100000 100000 99949 91275 82874 73489 62898 52047 42323 34992 30834 29942 31720 35053 38666 41664 44223 47465 52152 58505 66329 75135 84259 92982 100000 100000 100000 100000 100000 100000 100000
93695 88694 81967 73725 65364 58626 54988 55264 59425 66642 75539 84669 93206 100000 100000 100000 100000 100000 100000 97787 88066 78953 72096 68465 67661 67618 67278 66395 64849 62649 59927 56909 53888 51163 48979 47448 46452 45883 47217 51522 58704 67911 77879 87235 94750 99544 100000 100000 96908 93168 89404 85936 83274 81877 81993 83570 86244 89412 92372 94547 95783 96790 99314 100000 100000 100000 100000 100000 100000 100000 100000 100000 96626 88208 78500 67094 54995 43802 35050 29767 28231 29932 33736 38253 42410 46190 50458 55764 62267 69828 78094 86588 94795 100000 100000 100000 100000 100000 100000 100000
96824 93099 87569 80306 72556 65965 61997 61547 64755 71010 79154 87882 96336 100000 100000 100000 100000 100000 100000 100000 94330 85658 79090 75596 74819 74640 73357 70434 65969 60462 54624 49209 44873 42070 40970 41409 42870 44896 48966 55951 65346 75876 86007 94327 99828 100000 100000 97863 93183 88228 83826 80632 79104 79406 81369 84507 88092 91279 93290 93656 92506 90969 91175 94148 99513 100000 100000 100000 100000 100000 100000 100000 99747 91318 81374 69397 56482 44418 34956 29304 27844 30080 34801 40485 45911 50951 56144 61688 67636 73942 80487 87109 93634 99903 100000 100000 100000 100000 100000 100000
96985 94441 90022 83665 76482 70027 65754 64632 66956 72319 79765 88119 96496 100000 100000 100000 100000 100000 100000 100000 99058 91028 84882 81588 80852 80558 78487 73883 67049 58919 50700 43576 38489 35987 36139 38525 42291 46708 53195 62372 73335 84453 94001 100000 100000 100000 99203 93734 87594 81513 76518 73578 73102 74979 78653 83239 87668 90872 92005 90693 87331 83434 81479 82824 87402 94223 100000 100000 100000 100000 100000 100000 99899 91467 81398 69153 55931 43673 34276 29037 28353 31664 37643 44625 51292 57493 63421 68826 73629 77900 81815 85616 89561 93886 98759 100000 100000 100000 100000 100000
94044 92468 88957 83342 76622 70279 65755 64084 65685 70318 77192 85242 93556 100000 100000 100000 100000 100000 100000 100000 100000 93736 88047 84969 84277 83905 81312 75619 67309 57642 48167 40349 35287 33540 35057 39201 44888 51249 59600 70291 82078 93070 100000 100000 100000 100000 96250 88836 81459 74456 68977 66245 66629 69794 74869 80640 85759 88977 89390 86707 81536 75706 71951 71880 75671 82491 90894 99168 100000 100000 100000 100000 96952 88524 78441 66225 53178 41348 32691 28506 29125 33868 41261 49513 57254 64401 70822 75797 79104 80938 81790 82323 83258 85244 88743 93908 100000 100000 100000 100000
88455 87547 84665 79563 73164 66898 62201 60149 61251 65379 71858 79697 87967 96208 100000 100000 100000 100000 100000 100000 99682 92939 87638 84744 84089 83685 80889 74825 66113 56192 46774 39416 35224 34681 37594 43175 50239 57932 67462 78924 90832 100000 100000 100000 100000 100000 93425 84492 76218 68578 62764 60175 61154 65211 71254 77844 83440 86669 86584 82952 76529 69358 64305 63112 66117 72610 81188 90087 97500 100000 100000 98438 91359 82940 72934 60981 48477 37516 30046 27294 29471 35747 44498 53831 62374 70171 76835 81228 83001 82460 80374 77789 75834 75530 77605 82296 89166 97006 100000 100000
81088 80530 77977 73143 66911 60686 55898 53648 54488 58352 64624 72353 80600 88855 96632 100000 100000 100000 100000 100000 94894 88513 83450 80668 80036 79645 76963 71231 63157 54217 46097 40271 37707 38729 42995 49630 57482 65856 75883 87453 98936 100000 100000 100000 100000 100000 91692 81776 72988 65014 59024 56510 57801 62324 68874 75892 81739 84972 84627 80499 73422 65541 59726 57727 59947 65764 73844 82457 89788 94239 94736 91030 83992 75582 65711 54159 42394 32511 26392 25153 28857 36522 46395 56512 65539 73672 80369 84181 84662 82204 77783 72728 68473 66316 67181 71371 78330 86529 95515 100000
72928 72466 70003 65243 59056 52842 48030 45725 46493 50285 56501 64199 72440 80699 88505 94945 99058 100000 98227 93657 87534 81266 76277 73531 72906 72560 70228 65348 58677 51618 45694 42157 41738 44542 50081 57443 65607 74152 84162 95383 100000 100000 100000 100000 100000 100000 91392 80967 71982 63916 57878 55385 56761 61411 68101 75236 81151 84386 83970 79705 72449 64362 58214 55658 57094 61956 69002 76608 83053 86816 86861 82930 75832 67433 57719 46612 35627 26829 22009 22153 27180 35971 46673 57285 66525 74746 81341 84666 84219 80440 74439 67719 61905 58469 58456 62210 69101 77405 86776 97344
64644 64173 61708 56957 50789 44600 39818 37542 38335 42143 48365 56060 64291 72538 80329 86751 90841 91950 89957 85359 79210 72919 67911 65149 64511 64212 62304 58455 53455 48594 45180 44194 46093 50746 57513 65469 73758 82271 92066 100000 100000 100000 100000 100000 100000 100000 91577 80859 71820 63775 57762 55298 56707 61390 68111 75274 81212 84464 84061 79806 72557 64463 58143 55112 55738 59502 65268 71547 76765 79526 78883 74597 67412 59034 49489 38835 28623 20874 17283 18705 24923 34695 46082 57061 66410 74628 81087 84011 82854 78089 70915 62955 55969 51550 50832 54190 60943 69233 78842 90186
56624 56013 53496 48824 42871 37006 32606 30715 31835 35865 42176 49826 57919 66002 73596 79770 83562 84328 81970 77004 70508 63908 58644 55677 54872 54477 52880 49996 46651 44012 43154 44769 49016 55510 63449 71893 80167 88489 97860 100000 100000 100000 100000 100000 100000 100000 89569 78890 70107 62381 56710 54613 56400 61451 68507 75960 82137 85584 85345 81243 74150 66190 59753 56145 55680 57915 61870 66267 69751 71124 69568 64881 57700 49489 40251 30158 20780 14082 11659 14248 21512 32117 44068 55338 64769 72988 79422 82251 80887 75776 68115 59553 51897 46806 45479 48339 54713 62693 72169 83803
49675 48667 45987 41501 36088 31046 27627 26722 28679 33269 39786 47292 54997 62626 69701 75261 78335 78302 75096 69280 61973 54639 48741 45240 43973 43203 41667 39544 37699 37169 38778 42908 49399 57591 66515 75209 83192 91024 99586 100000 100000 100000 100000 100000 100000 95157 83803 73823 65897 59063 54320 53181 55913 61842 69663 77747 84427 88284 88414 84693 78021 70466 64050 59755 57816 57899 59272 60976 61996 61433 58676 53572 46598 38835 30158 20808 12333 6621 5171 8626 16584 27675 39912 51307 60767 68999 75613 78909 78254 73957 67044 59013 51567 46326 44521 46659 52182 59276 67898 78856
44787 43089 40096 35856 31262 27496 25606 26237 29491 34931 41730 48951 55980 62833 69075 73712 75771 74648 70309 63356 54949 46585 39747 35399 33350 31881 30077 28378 27688 28912 32630 38916 47295 56839 66406 75020 82389 89394 96731 100000 100000 100000 100000 100000 95085 84761 74592 66092 59710 54412 51222 51613 55768 62931 71748 80586 87827 92143 92740 89589 83622 76785 70598 65633 62023 59578 57875 56363 54457 51640 47559 42128 35621 28623 20780 12333 4759 0 0 2882 11010 22094 34231 45525 54943 63199 70210 74566 75582 73305 68413 62064 55699 50798 48590 49714 53837 59394 66331 75478
42734 40086 36616 32606 28965 26726 26685 29173 33981 40413 47486 54268 60363 66170 71362 74944 75943 73756 68350 60331 50859 41435 33541 28142 25046 22589 20177 18478 18431 20826 26027 33837 43505 53864 63625 71796 78252 84141 89915 94804 97746 97861 94755 88674 80497 71566 63373 57072 52842 49635 48496 50793 56586 65026 74729 84108 91665 96241 97226 94726 89690 83847 78137 72689 67535 62631 57888 53185 48398 43414 38158 32610 26830 20874 14082 6621 0 0 0 0 6183 16708 28322 39272 48573 56862 64441 70320 73750 74414 72497 68672 63996 59735 57102 56907 59137 62589 67101 73398
43807 40032 35941 32065 29329 28610 30430 34790 41146 48525 55778 61980 66966 71559 75633 78239 78412 75520 69479 60830 50669 40443 31601 25106 20807 17165 13856 11722 11726 14572 20461 28991 39199 49741 59212 66611 71938 76525 80549 83214 83819 81978 77745 71636 64562 57665 52059 48473 46806 46047 47226 51527 58851 68265 78398 87785 95135 99549 100000 98771 94788 90126 85132 79540 73283 66456 59266 51982 44891 38246 32220 26856 22019 17283 11659 5171 0 0 0 0 3453 12904 23614 34004 43122 51448 59684 67323 73537 77585 79080 78130 75354 71775 68591 66819 66818 67791 69375 72081
47694 42730 37920 34021 31976 32516 35911 41856 49498 57607 64881 70401 74214 77563 80603 82504 82312 79329 73356 64788 54575 44038 34552 27077 21558 16660 12269 9334 8833 11417 17187 25617 35616 45732 54491 60885 64991 68227 70493 71004 69443 65925 60932 55219 49686 45224 42529 41884 42913 44698 48188 54301 62757 72563 82425 91078 97528 100000 100000 100000 97701 94285 90195 84874 78184 70320 61706 52900 44491 37001 30787 25935 22169 18705 14248 8626 2882 0 0 0 3731 11733 21269 30952 39842 48204 57090 66461 75395 82719 87471 89205 88113 84998 81065 77552 75193 73576 72056 70862
53492 47405 41841 37739 36052 37399 41849 48857 57326 65824 72929 77724 80428 82637 84866 86462 86490 84154 79071 71414 61904 51674 41978 33774 27151 21067 15554 11599 10188 11951 16953 24623 33822 43057 50829 56128 59060 61041 61718 60350 56982 52183 46807 41798 38010 36067 36255 38436 42003 46150 51674 59162 68148 77615 86408 93535 98371 100000 100000 99709 97697 95458 92371 87727 81353 73493 64686 55635 47088 39702 33929 29879 27202 24923 21512 16584 11010 6183 3453 3731 7278 13669 21930 30855 39504 47896 57331 68150 79329 89302 96613 100000 100000 97270 92357 87067 82459 78422 73979 69065
59870 52841 46565 42089 40377 41975 46832 54250 62984 71475 78228 82328 84099 85394 87126 88866 89705 88720 85297 79326 71241 61930 52499 43900 36411 29336 22813 17818 15334 15997 19883 26435 34527 42680 49403 53684 55621 56573 55977 53156 48456 42809 37358 33176 31051 31367 34054 38627 44302 50383 57446 65715 74548 82946 89943 94871 97510 98117 97331 95960 94645 93389 91290 87634 82247 75375 67555 59492 51932 45534 40748 37686 35996 34695 32117 27675 22094 16708 12904 11733 13669 18541 25616 33846 42276 50686 60495 72279 84903 96502 100000 100000 100000 100000 100000 93528 87001 80965 74108 66121
65364 57659 50778 45805 43705 45003 49607 56774 65211 73320 79582 83083 84180 84866 86446 88744 90877 91780 90589 86877 80762 72864 64125 55489 47441 39666 32383 26530 23087 22707 25500 30952 37983 45149 50983 54477 55703 55936 54476 50699 45169 39063 33716 30270 29455 31468 35984 42271 49430 56848 64831 73238 81283 88022 92707 95009 95110 93661 91609 89890 88991 88437 87197 84681 80748 75599 69673 63548 57835 53074 49633 47604 46699 46082 44068 39912 34231 28322 23614 21269 21930 25616 31775 39472 47736 56152 66118 78268 91363 100000 100000 100000 100000 100000 100000 95652 87695 80258 71735 61667
68819 60730 53394 47862 45094 45637 49440 55805 63484 70919 76615 79656 80366 80763 82508 85671 89398 92485 93815 92652 88801 82615 74874 66515 58229 50076 42359 35984 31923 30848 32901 37606 43925 50448 55731 58767 59604 59454 57544 53287 47364 41081 35865 32894 32852 35832 41364 48588 56546 64658 72936 80909 87688 92407 94546 94094 91594 88038 84619 82362 81596 81433 80844 79455 77175 74130 70598 66941 63543 60743 58772 57688 57310 57061 55338 51307 45525 39272 34004 30952 30855 33846 39472 46861 55029 63439 73345 85271 97876 100000 100000 100000 100000 100000 100000 93054 84213 76025 66665 55647
69963 61732 54083 47983 44388 43897 46550 51761 58396 64990 70102 72817 73379 73742 75872 80069 85501 90836 94727 96152 94623 90251 83665 75796 67523 59259 51408 44863 40595 39281 41077 45522 51595 57901 63003 65896 66616 66356 64317 59929 53905 47588 42432 39620 39822 43099 48939 56440 64632 72920 81012 88162 93408 95982 95576 92466 87500 81943 77179 74281 73429 73401 73256 72872 72223 71347 70325 69267 68285 67482 66925 66632 66550 66410 64769 60767 54943 48573 43122 39842 39504 42276 47736 55029 63167 71563 81243 92495 100000 100000 100000 100000 100000 100000 97081 86600 77330 68921 59407 48394
70102 61835 53944 47291 42825 41207 42587 46515 51996 57680 62196 64630 65130 65550 68134 73395 80530 88088 94505 98489 99277 96744 91373 84089 75946 67696 59853 53304 49017 47671 49423 53820 59843 66105 71175 74050 74764 74500 72461 68074 62053 55742 50594 47790 48000 51282 57125 64627 72817 81063 88781 94970 98616 99049 96164 90500 83181 75713 69643 66073 65045 65039 65239 65791 66732 68008 69497 71042 72473 73642 74447 74865 74973 74832 73186 69180 63353 56977 51518 48226 47873 50627 56067 63341 71461 79821 89192 99576 100000 100000 100000 100000 100000 100000 89740 78491 68986 60577 51199 40597
71611 63449 55449 48348 43052 40263 40232 42657 46707 51189 54848 56795 57085 57422 60282 66411 75077 84759 93713 100000 100000 100000 99567 93197 85474 77503 69856 63346 58904 57205 58438 62215 67605 73311 77979 80643 81309 81049 79045 74735 68820 62619 57562 54807 55013 58238 63978 71348 79395 87463 94712 99924 100000 100000 95284 87259 77755 68487 61141 56848 55527 55412 55902 57471 60240 64039 68495 73120 77396 80866 83219 84376 84582 84303 82546 78478 72629 66250 60777 57435 56978 59567 64786 71798 79634 87683 96439 100000 100000 100000 100000 100000 100000 93702 80757 68936 59363 51099 42039 32104
75478 67707 59902 52636 46712 42811 41255 41890 44091 46890 49222 50294 50070 50019 52746 59236 68913 80304 91578 100000 100000 100000 100000 100000 96281 89130 82084 75761 70975 68386 68266 70400 74089 78289 81862 83952 84483 84236 82337 78251 72645 66768 61974 59363 59558 62615 68056 75041 82668 90292 96914 100000 100000 98847 91898 82067 70865 60139 51662 46585 44746 44255 44880 47526 52416 59233 67279 75641 83351 89552 93663 95538 95632 94944 92870 88650 82790 76471 71038 67633 66950 69122 73742 80012 87023 94200 100000 100000 100000 100000 100000 100000 96501 83109 69472 57548 48261 40429 32017 23170
81227 74187 66979 59986 53841 49124 46166 44937 45037 45776 46360 46158 45080 44282 46332 52432 62264 74547 87511 99313 100000 100000 100000 100000 100000 100000 95254 89392 84215 80339 78158 77725 78716 80501 82303 83459 83768 83545 81830 78140 73076 67768 63438 61080 61256 64017 68931 75241 82129 89003 94854 98313 98285 94245 86390 75648 63549 51954 42647 36779 34183 33001 33515 37117 44150 54128 65985 78324 89666 98704 100000 100000 100000 100000 100000 98217 92436 86355 81150 77798 76870 78433 82087 87098 92672 98331 100000 100000 100000 100000 100000 96824 84476 70556 57049 45682 37125 30053 22633 15238
87610 81610 75415 69223 63432 58439 54501 51658 49714 48283 46888 45129 42907 41031 41836 46684 55596 67636 81266 94683 100000 100000 100000 100000 100000 100000 100000 100000 96827 91587 87031 83531 81231 80026 79614 79590 79620 79429 77967 74824 70510 65988 62300 60290 60441 62793 66979 72354 78222 84083 89082 91972 91683 87644 79952 69409 57411 45704 35993 29415 25869 23711 23810 28033 36840 49579 64828 80720 95282 100000 100000 100000 100000 100000 100000 100000 99741 94185 89525 86488 85445 86355 88803 92145 95753 99328 100000 100000 100000 100000 94066 83762 71193 57873 45488 35406 28015 21994 15818 10044
93159 88420 83590 78718 73931 69363 65109 61203 57600 54192 50839 47414 43871 40679 39757 42533 49418 59952 72990 86928 99979 100000 100000 100000 100000 100000 100000 100000 100000 100000 93909 87395 81758 77462 74725 73450 73180 73027 71866 69370 65944 62353 59424 57828 57948 59815 63140 67409 72069 76746 80896 83522 83608 80486 74047 64831 53958 42933 33301 26166 21569 18235 17613 21955 31812 46404 64015 82401 99186 100000 100000 100000 100000 100000 100000 100000 100000 98499 94783 92429 91540 91914 93102 94558 95864 96982 97615 96894 94019 88517 80375 70084 58575 47062 36784 28647 22769 17991 13169 8944
96601 93211 89970 86835 83648 80229 76436 72206 67570 62645 57597 52587 47687 43079 40118 40199 44131 52013 63214 76474 90093 100000 100000 100000 100000 100000 100000 100000 100000 100000 98220 89275 80799 73787 68963 66546 65999 65886 65042 63225 60732 58118 55987 54825 54912 56271 58691 61797 65189 68636 72020 74694 75717 74283 70001 63044 54150 44488 35380 27886 22242 17656 16060 19947 29927 45137 63683 83085 100000 100000 100000 100000 100000 100000 100000 100000 100000 98538 96166 94898 94517 94613 94676 94257 93177 91722 89701 86409 81450 74772 66642 57601 48368 39720 32338 26619 22445 18970 15449 12482
97130 95032 93433 92259 91093 89419 86806 83023 78090 72264 65965 59623 53477 47510 42432 39519 39943 44378 52774 64305 77474 90397 100000 100000 100000 100000 100000 100000 100000 100000 99942 89544 79157 70196 63811 60516 59752 59677 59129 57951 56334 54640 53257 52504 52561 53442 55011 57026 59225 61526 64290 67265 69595 70318 68723 64569 58160 50287 42020 34365 27784 22003 19288 22201 31368 45904 63865 82703 99726 100000 100000 100000 100000 100000 100000 99806 96425 94455 93749 93920 94406 94561 93793 91733 88446 84584 80191 74849 68573 61674 54604 47839 41778 36682 32631 29515 27046 24794 22375 20215
94541 93542 93447 94216 95220 95629 94708 92008 87465 81392 74375 67075 59921 52796 45782 39973 36831 37557 42666 51795 63721 76598 88420 97696 100000 100000 100000 100000 100000 100000 99605 88931 77800 67892 60659 56852 55956 55913 55612 54965 54077 53146 52386 51973 52004 52488 53350 54456 55665 57021 59342 62757 66488 69427 70555 69234 65355 59344 52032 44376 37049 30258 26419 28003 35614 48399 64483 81414 96595 100000 100000 100000 100000 100000 94378 89963 87639 87289 88415 90251 91895 92461 91254 87964 82882 77026 70772 64046 57241 50941 45680 41779 39270 37888 37145 36488 35526 34288 32662 30798
89225 89026 90132 92584 95603 98103 99072 97835 94191 88430 81222 73388 65547 57579 49037 40812 34567 31914 33844 40412 50681 62912 75021 85280 93278 100000 100000 100000 100000 100000 98145 88345 77660 67858 60541 56623 55688 55668 55542 55271 54898 54508 54190 54017 54030 54233 54594 55058 55564 56256 58312 62161 67091 71874 75248 76261 74475 70030 63561 55989 48156 40634 35809 35945 41595 51978 65379 79554 92128 100000 100000 100000 96849 89201 82745 78704 77450 78686 81626 85180 88147 89418 88191 84186 77877 70617 63143 55724 49051 43873 40718 39714 40536 42461 44541 45887 46074 45552 44359 42312
82015 82277 84186 87882 92512 96812 99553 99856 97368 92297 85322 77352 69164 60713 51185 41290 32793 27571 26945 31288 39906 51195 63073 73685 82383 90319 97309 100000 100000 100000 96606 88608 79370 70584 63859 60191 59304 59296 59266 59200 59110 59015 58938 58896 58899 58948 59036 59148 59271 59602 61539 65688 71377 77308 82072 84529 84041 80575 74654 67172 59072 51133 45568 44374 48036 55866 66355 77526 87287 93786 95762 92900 86186 78169 71629 68023 67751 70396 74966 80124 84435 86605 85725 81521 74598 66578 58532 51011 44895 41001 39792 41205 44630 49014 53098 55791 56682 56547 55446 52849
73903 74338 76675 81161 86925 92598 96806 98509 97204 92995 86511 78693 70434 61807 51800 40988 31158 24313 21958 24664 31916 42237 53599 64109 72981 81212 88854 94908 98390 98675 95709 90077 82928 75768 70098 66932 66153 66150 66149 66146 66143 66139 66136 66135 66135 66137 66140 66144 66149 66370 68276 72535 78489 84814 90053 93002 92958 89830 84101 76659 68481 60391 54347 52068 53975 59473 67263 75641 82803 87154 87608 83893 76858 68733 62280 59122 59696 63520 69464 76028 81604 84751 84470 80466 73431 65185 57071 49835 44449 41723 42026 45143 50273 56164 61396 64794 65993 65970 64708 61358
65616 66104 68704 73762 80411 87220 92700 95672 95501 92176 86262 78703 70488 61821 51571 40204 29496 21513 17871 19280 25363 34763 45521 55747 64564 72856 80932 88023 93175 95653 95190 92102 87266 81951 77514 74950 74309 74313 74319 74324 74328 74329 74328 74325 74320 74315 74311 74308 74308 74524 76428 80688 86648 92985 98240 100000 100000 98071 92355 84921 76746 68628 62238 59031 59363 62733 68042 73849 78632 81038 80150 75738 68519 60409 54125 51423 52775 57658 64843 72697 79474 83610 84018 80381 73450 65214 57243 50433 45798 44111 45649 50064 56416 63326 69281 73078 74402 74376 72856 68702
57532 58192 61157 66859 74423 82343 89020 93154 93992 91436 86006 78664 70488 61787 51309 39401 27814 18661 13660 13656 18421 26728 36709 46492 55112 63324 71664 79590 86211 90712 92642 92068 89592 86233 83171 81356 80986 81122 81254 81366 81440 81465 81438 81366 81266 81160 81073 81022 81009 81222 83095 87288 93153 99389 100000 100000 100000 100000 98768 91453 83409 75389 68762 64710 63532 64839 67753 71112 73678 74345 72350 67493 60345 52507 46632 44594 46883 52924 61391 70534 78487 83591 84700 81492 74777 66683 58982 52698 48871 48226 50940 56547 63984 71769 78328 82445 83866 83833 82100 77273
50404 51504 55063 61554 70061 78994 86653 91647 93159 91062 85890 78648 70488 61760 51091 38706 26299 15996 9588 8041 11275 18217 27120 36160 44302 52143 60365 68642 76196 82214 86140 87845 87676 86382 84919 84131 84311 84853 85372 85809 86100 86199 86093 85810 85416 85000 84659 84460 84406 84608 86388 90372 95945 100000 100000 100000 100000 100000 100000 94330 86686 79036 72408 67700 65182 64612 65372 66601 67356 66765 64201 59456 52934 45913 40951 39977 43462 50761 60466 70746 79683 85590 87332 84627 78339 70659 63477 57902 54964 55315 59036 65563 73756 82091 88986 93260 94722 94687 92862 87703
