100 100
70000 84246 64942 57105 82834 100000 100000 74434 48517 45713 65073 70000 70000 70000 70000 65790 46382 47662 73064 95532 89783 71586 67792 49011 45236 68702 100000 100000 90071 59608 42740 55793 69843 75983 95101 90227 63684 28881 25219 59286 87149 96470 78588 70000 70000 70000 70000 70000 70000 70000 70000 61992 43768 52163 78522 80206 58465 63344 94808 100000 97664 65071 30269 24187 57738 88980 100000 100000 69529 45639 48473 67464 70000 70000 70000 70000 62875 44200 51120 77865 96940 86213 70454 74463 93866 92033 66464 44285 50548 68559 72391 91297 94537 70826 55592 74371 83247 60145 60970 82438
70000 82893 58925 47554 72468 96157 76356 39864 17470 15050 31757 36257 52396 86198 100000 98072 64000 45337 62772 81314 71470 49271 42921 35782 46840 69057 96429 100000 100000 75495 66047 83366 94741 93026 91785 76507 55607 37976 55336 94473 100000 100000 71947 55512 56871 71198 83292 83434 71694 57134 55402 52413 38773 45065 67633 73915 61403 65177 89434 100000 95881 65083 31111 21764 46729 69239 86408 66115 35602 14986 17431 33820 36309 42348 52036 55742 47703 24647 27577 53859 80170 87010 83385 89792 100000 97302 77317 65535 79074 94538 93739 100000 100000 80585 70520 95771 100000 84018 79638 95128
70000 80563 48556 31099 54920 70953 48901 23085 12903 11808 19368 21647 44774 93211 100000 100000 75693 42126 44331 61412 70823 56534 40402 44264 65471 70282 67741 72466 70959 61684 73033 96628 95164 74225 46582 38762 44539 59952 90529 100000 100000 100000 97590 73978 58218 55967 63944 64085 56162 57888 73473 82299 61112 40126 46999 64665 75517 71548 70903 88940 89732 65198 47824 60978 76367 70795 56369 35586 21107 11779 12886 20301 22109 38555 64934 75027 65411 34807 30861 55868 69565 60436 60307 77076 90075 93432 97679 100000 100000 99789 83822 85565 99326 97205 96262 100000 100000 81069 63635 66928
70000 82105 55416 41985 66004 81433 66215 51855 50936 50845 51476 51771 60490 78750 88149 86454 72396 57119 54500 69278 89963 79514 55399 61674 82240 71210 46840 42171 55066 57769 78085 94482 78169 45826 15922 31291 60155 86224 94265 88470 92116 100000 100000 81182 54618 46351 55752 55940 46517 53987 80380 100000 88616 59014 55347 75294 91847 76446 56869 70730 85075 65277 59113 85962 92114 66894 46102 47616 51621 50842 50935 51554 52112 61673 77010 82877 74304 48694 49297 74698 76260 49779 49663 72509 72876 69376 88967 100000 100000 86299 58765 52123 74384 85655 92483 100000 89462 61748 41374 47357
71202 86549 72204 68359 93296 100000 96151 82967 82234 80881 80248 80444 75187 63480 57307 58320 67243 77745 80493 90794 100000 82712 58068 64057 83541 71259 48670 55153 78860 83692 96541 97691 74320 43780 25687 54091 86420 100000 82790 60515 63021 81840 82073 57852 38633 53241 78941 79603 53893 37151 55777 83477 94478 83558 80846 94274 99535 78069 56918 69952 85365 66592 56965 72402 69847 44348 41890 69533 81625 81610 82449 82970 82297 74481 62175 57232 51029 37994 49691 76108 82387 66978 72822 92829 71724 45645 61947 98429 100000 83321 55180 39180 49188 57176 67587 90481 84668 58109 45707 66089
88859 96714 82118 83277 100000 100000 100000 100000 100000 80598 73216 80560 73683 43316 24320 25366 40857 65868 79410 89503 89224 75457 65411 67714 75207 70484 64067 80255 100000 100000 100000 79381 53412 41437 38354 60428 82612 92948 78397 62234 62882 70119 70209 60894 54402 68254 91299 98621 66941 30360 40116 71671 94347 86245 76075 84389 100000 93505 77332 80548 92303 87123 87124 90250 72668 47696 55957 90552 97155 95571 100000 100000 100000 83981 45292 25089 16911 21336 41028 54051 62039 67469 75405 78949 47980 26899 46258 78112 90723 75632 63872 49222 34391 24096 29166 59783 65498 41019 43287 88863
96011 89086 65573 68519 96151 100000 100000 100000 81792 41522 40949 63048 72437 51041 31370 28777 23577 36504 59640 72566 64991 63203 77482 73727 61507 69209 81865 85356 96172 100000 100000 53264 40775 56387 60939 55754 58432 68026 78983 82744 80650 68847 68701 83888 89099 73810 73119 91621 75938 45482 54225 85923 100000 75488 50212 49098 79905 97019 89016 76095 81835 99043 100000 100000 94816 69154 73987 92835 82818 75529 100000 100000 99368 77507 56031 33923 18826 34263 50984 39492 40557 60413 61854 41354 17328 30314 60318 77275 68483 63651 79905 88912 62716 31456 22677 47361 57347 33869 36194 81869
74359 63919 44881 54587 82967 100000 100000 78861 45383 19950 42100 73110 92507 82165 66096 61366 42033 43379 68751 79809 61103 58676 82246 76099 56100 68706 84992 68607 60832 83854 81235 55340 60169 86180 90515 71377 65737 67629 71873 74212 70744 51427 51187 76045 87365 65090 58167 81607 77128 56432 67347 100000 100000 87704 56644 40938 57158 74057 69153 49863 53230 79281 100000 100000 86546 61034 67920 84951 69603 56569 78207 86970 63565 63491 80239 69404 50903 67333 79829 58188 54675 76467 73462 42915 17882 40130 73420 83116 62179 59047 87137 100000 100000 66392 51186 69998 78887 54893 40983 58774
48517 41252 39332 61411 88009 100000 87428 52190 27883 25652 65523 98828 100000 100000 84465 83169 71574 77240 100000 100000 68148 53568 74359 68751 50507 62007 73764 46983 30335 50791 62722 64353 79593 100000 100000 89855 84575 75378 56322 47943 46521 27143 22192 43311 57768 51529 57132 81719 78369 55356 61072 92130 100000 100000 90498 64421 52871 55229 49683 27545 27936 53429 85830 89463 58785 38511 53255 78963 69613 55253 59387 54328 32663 50785 97190 100000 86868 100000 100000 83946 77639 97455 97777 70561 35543 39824 66376 77668 65213 66595 92781 100000 100000 85422 71586 90319 100000 82169 58258 51441
45713 35147 51927 85187 100000 91788 60170 45537 44465 47164 72311 100000 100000 77625 64752 78980 94232 100000 100000 100000 66191 40444 50154 47253 37813 43763 48244 28275 14734 25048 38625 52512 65990 78355 80393 71343 68508 55883 37813 40657 52002 38081 16708 20918 28614 34691 55727 82871 89581 62026 44543 50717 83956 100000 100000 100000 83565 71502 64453 34522 26724 50537 71102 62662 46149 47322 55673 65986 70027 69089 53096 28904 15838 38173 93586 100000 100000 100000 100000 86397 66429 76521 93359 90476 61776 39275 46042 59968 75157 89610 100000 100000 89137 69050 60229 71832 90928 94654 88996 76884
65073 45149 57669 84925 88584 66852 47817 61277 77958 65932 59384 81940 82524 51893 48182 74515 95890 96058 94350 87325 64857 50847 51513 51131 49889 50672 51051 47620 45191 46512 49272 52814 55322 56954 57222 56032 55514 44087 36877 55670 80108 80343 54688 45931 40027 35457 55506 84425 100000 88061 53045 28568 31698 72959 100000 100000 99950 84597 77854 50565 45544 69815 79359 59677 56354 76723 71128 56788 70412 88522 75588 49717 44643 42840 61634 90735 100000 100000 99010 66708 34021 35057 67275 89598 85139 58191 50985 58623 76162 87932 89370 79639 62793 55730 48541 42339 59694 84530 100000 94500
70338 45283 43972 60183 61462 46093 42687 65665 84506 68397 55396 76726 82700 64813 69209 94834 96780 71713 62613 65203 72182 76758 77108 77085 77012 77058 77222 77441 77461 77360 77203 77083 77063 77041 76971 76989 76875 61133 45037 60198 87371 99634 85450 77728 65203 45424 55851 84797 100000 100000 80011 45172 19493 41521 71733 89707 77649 62567 57494 41295 47930 74373 82219 60913 59592 82715 74366 55578 70470 95466 96311 80043 76174 53641 39422 58392 91797 100000 92752 61396 26948 26950 61666 89345 99570 84157 77382 74640 67471 62882 62971 68184 75472 77740 67558 46627 54060 80675 94705 77504
85577 63839 49632 46226 40090 35205 48112 67703 74565 54892 43331 59856 69449 71247 88329 100000 93233 50941 43893 53103 66676 77860 84228 82744 77915 80959 90961 100000 100000 94191 85746 81180 81259 79829 75220 76395 82620 77632 63322 65137 81569 100000 100000 100000 88662 49624 44648 67102 100000 100000 99449 60447 17093 23970 52328 70174 52874 29574 20667 15724 34524 58011 63988 47758 46752 64205 58849 51315 70470 100000 100000 100000 100000 70609 23932 24667 53760 86057 75273 46290 19282 34443 76754 100000 100000 100000 95984 83836 62614 46680 41516 62645 99697 100000 100000 73376 63118 74906 67050 37187
97075 92070 84604 65672 45637 47443 69420 72009 55565 37403 37217 44682 44895 52411 77783 99958 80401 48008 55670 64346 51934 51071 68553 64008 49220 58541 86663 100000 100000 78636 58572 54803 59427 55080 40966 44564 64131 88362 92962 75217 66332 92749 100000 100000 81005 45910 39426 49021 85171 100000 89165 52376 18361 33243 62831 85771 67639 31835 11603 9107 31180 44161 46222 40626 40279 45137 38621 45068 70470 100000 100000 100000 100000 80593 36021 25380 40734 67353 62057 34892 13498 40096 88138 100000 100000 100000 83979 70784 70061 62071 44129 56083 97038 100000 100000 100000 79420 63616 30475 9389
78675 87089 99664 85292 59101 61131 82485 74234 47954 41259 56880 61062 48121 41140 61803 84509 72658 55053 72488 81385 56967 50794 74048 67928 48013 60566 95055 100000 90135 60113 40904 49586 61712 55905 36897 41743 68149 100000 100000 80523 56973 70491 92645 77446 51455 47023 59647 63327 84758 94370 73122 39775 20342 47722 79156 100000 100000 67998 41303 35610 54687 61351 61397 61273 61265 58783 42823 45047 70470 95675 97216 81464 78917 73182 64110 60781 68094 87018 80199 53132 22754 31049 69920 100000 100000 100000 67054 57254 77610 80394 54935 46254 67345 79205 87193 100000 86502 58195 22131 22894
51780 61862 85829 83263 60778 64736 86223 78272 55451 59932 83684 87431 66647 45132 57669 78850 66896 50735 68837 84364 76050 77885 99201 94143 78023 91201 100000 100000 85886 56072 44317 65268 83536 79722 62821 66187 89639 100000 100000 76061 52106 55281 65991 50198 36463 60751 90377 92941 100000 95051 68388 35983 18931 45850 74701 100000 100000 98815 74858 68894 83850 87968 86713 85751 84587 80046 57209 49963 70421 88618 75419 50516 48055 58270 75802 83786 91922 100000 100000 80673 41799 25469 48384 77425 100000 92316 62481 54744 77474 80976 54708 37711 47564 55989 66071 88240 84120 59649 35909 51850
43917 37754 52905 69582 69755 84928 100000 96002 85004 92947 100000 92404 63485 37009 41636 52247 37187 28293 49458 79407 96302 95400 97007 96013 100000 100000 100000 100000 60429 40499 30891 47219 69808 81027 80936 72868 73167 77568 70678 52184 37168 33127 41905 43736 58354 100000 100000 100000 100000 78922 48982 22901 20243 40530 47909 70801 100000 100000 100000 100000 100000 93943 85682 83591 77270 64896 57164 63537 70049 65482 41560 22063 20496 28467 51089 70697 85180 98644 98789 95082 84447 70213 66757 70797 73836 61406 44477 49048 78804 81225 55034 42046 57409 67534 68829 71828 71639 69298 80029 100000
62317 33865 26023 54863 79679 100000 100000 92825 94949 100000 95365 70893 44749 37871 46473 45316 26712 26111 50757 88200 100000 88943 66523 62178 85439 99885 96956 74385 51821 45886 31033 28533 50243 78572 97662 76546 50482 34021 38657 48128 43720 32942 41332 63730 98250 100000 100000 88778 77677 71300 50251 31398 45167 57887 40261 26710 54405 94119 100000 100000 100000 73413 61860 70038 64689 43801 54741 78509 69625 46335 34321 38865 39015 27679 29250 51844 71343 68420 65546 84289 100000 100000 91515 68261 49611 47662 47350 61683 87989 81895 55517 48473 72008 84653 75420 54699 57543 79746 100000 100000
70026 36042 21324 51664 81616 96370 80756 67038 74039 94165 89023 62586 43888 55698 72519 68852 49453 50737 76154 100000 100000 84518 55472 41788 56559 66932 67688 70540 72840 72215 55186 46650 67390 99580 100000 98969 66949 46529 55511 72287 69392 48894 47237 71772 100000 100000 83075 55518 61920 85522 75640 58454 75963 86965 63302 27359 26399 59710 91911 100000 97370 65248 58001 80918 83156 59886 67197 84751 69529 46079 50375 70441 71726 53850 47193 69148 87432 69669 55968 78249 100000 100000 75645 48701 43812 65101 73105 85067 98298 82461 55015 41804 56868 66907 58041 42036 53516 81769 100000 100000
82193 52465 37342 64313 93476 100000 74836 56755 61167 73833 70178 53219 52295 79728 96504 89590 75653 79733 97536 100000 100000 96313 66352 37541 35029 44237 54725 80817 100000 100000 93872 73989 79753 100000 100000 100000 91541 75794 79370 93274 95167 74611 59532 71145 89322 84544 55467 38031 57417 95567 97190 90215 100000 100000 97576 46321 12674 26510 54377 85659 78420 53965 57503 99733 100000 96130 92737 90981 69529 51092 69021 94917 91877 67593 57520 79446 99280 83539 63232 75428 100000 97536 65235 39434 44236 80488 96186 100000 100000 83086 53615 25042 23004 32128 32076 29412 43942 67089 84440 65942
97268 79303 63062 80722 100000 100000 94539 77575 72145 50680 38554 45563 73256 100000 95449 79061 80220 92026 88803 94900 100000 100000 80109 38958 30129 49353 67972 86723 100000 100000 100000 92313 64568 55879 59822 79270 91665 88832 77467 83435 100000 100000 85618 69415 54945 41575 45397 54811 66164 78599 88928 100000 100000 100000 100000 58881 20753 20623 32573 49207 50339 41222 53498 97337 100000 100000 100000 96852 69529 55256 78621 96760 80008 43689 33275 58604 87359 99075 80434 67847 78938 97252 85513 56604 41307 66581 92164 100000 100000 83694 52185 11154 3083 22398 38084 40588 38567 45824 39968 23042
82850 72538 55569 67172 94460 100000 94771 81339 72550 43823 40099 64665 100000 100000 80530 57755 68735 85565 68663 61170 87279 93967 65836 29849 35471 67137 84581 73896 70606 95233 100000 100000 64377 34139 17045 45675 77288 82857 61773 62577 91771 100000 100000 68291 34887 22897 52960 79602 76370 58030 69102 100000 100000 100000 75096 49210 46609 55241 56119 57236 57519 57091 62425 76277 84290 86575 100000 95590 69529 55901 75931 83938 58199 21460 22711 54800 88455 100000 92194 62872 62782 89782 88985 57746 27497 43535 75097 100000 100000 83851 52348 16642 23110 54750 78836 77946 59835 56376 39584 30824
55526 45587 30120 42367 69035 83436 67709 53508 48707 43033 61595 89743 100000 100000 76618 54848 68041 86229 69242 55875 66948 64636 37389 11247 30249 66492 81513 59304 45576 68683 100000 100000 89935 58040 29579 47474 78134 84559 63243 63302 92268 100000 99806 66019 31902 20665 52079 79129 76014 57122 67555 97262 100000 74801 44837 34946 60382 81731 82784 83349 83906 84570 79662 65540 56196 58561 82726 91720 69529 55331 74044 81888 57434 29565 43735 80524 100000 100000 93404 62860 55974 69434 62956 34234 13676 39575 73574 100000 100000 85378 56224 31821 51339 85896 100000 100000 84946 81657 66983 61209
42902 30677 30668 52309 71122 74957 47998 23593 14549 25434 58758 80786 90718 73799 51812 49016 75788 98791 89045 70335 49828 30305 11247 0 13231 47712 71855 73269 62155 67215 85567 100000 98587 85170 62290 69690 96982 100000 91309 85472 100000 100000 82466 47240 16940 11146 38089 57382 68119 67172 69316 72994 56183 30059 19624 23079 49579 73324 82778 86526 89945 98849 100000 76238 48060 40911 66005 86813 69529 48358 55648 71511 65864 52239 62735 93178 100000 100000 81263 67895 60339 52659 45101 34996 24489 43367 73554 100000 100000 95384 87154 88304 100000 100000 100000 89276 72502 80292 93809 100000
59157 40614 51651 78403 86046 88573 68097 38135 17092 21367 47613 56938 46776 31836 39363 61098 89085 98449 94281 82049 55796 37221 30249 13231 17149 43938 79541 100000 97302 76074 51701 53328 76819 90197 80028 77470 100000 100000 100000 94016 98798 100000 75448 43467 18538 20400 41052 48978 71871 85168 71797 44930 15606 21012 40356 44718 38912 50334 69909 68754 66341 84993 100000 100000 69803 48897 62921 84378 69529 38550 29769 56913 77205 73216 61854 76983 96683 81172 62199 75128 74934 54430 53829 68193 58212 52016 73517 91544 87184 87188 100000 100000 100000 100000 75045 38062 41935 66497 100000 100000
69997 46057 48962 68518 72462 89342 95217 73062 47219 44416 63777 68366 53127 41628 60027 87056 95944 78715 71296 70838 69571 68748 66492 47712 43938 67405 100000 100000 91261 60012 25754 29657 64196 84688 70448 56668 77416 97843 88852 72072 74732 93094 92138 66934 43721 48027 66671 70469 89259 95118 72594 39220 19679 46965 77222 78907 57168 62049 83199 70256 55241 74930 100000 100000 82259 56897 65331 84342 69528 35417 21505 52251 80741 78100 56987 66165 84677 68252 55781 77463 80998 59210 62237 84131 72055 55328 73495 83396 63035 60305 88584 100000 100000 72126 38031 20715 49353 80566 100000 100000
78925 54512 43318 47147 46846 74984 100000 100000 84487 74519 81861 84184 70800 60701 76861 98557 89336 51921 37314 47473 81546 100000 98670 79880 74718 92425 100000 100000 57133 28065 7819 31202 73067 93167 73021 47611 60152 75403 65714 48465 49257 79504 99347 82930 65325 75353 93121 92636 97261 91720 71965 47395 37419 65111 91893 91386 71096 77792 97938 78458 56574 74926 100000 100000 89718 67061 72134 88618 78569 51515 38950 63644 88386 85511 63395 67108 79399 60739 48538 67629 70735 51598 54258 74480 71018 64301 81976 83028 46968 35979 63045 86383 68034 38292 19838 35747 83213 100000 100000 86288
96593 85641 73302 57008 41342 50635 93015 100000 100000 95254 70166 65884 59571 54808 62430 73680 70440 41681 19036 30371 90572 100000 100000 97179 94588 92839 83560 57682 30047 16349 13640 48070 90750 100000 100000 84784 72985 72080 67845 53299 39611 49246 68408 65296 66473 90426 99373 84080 65438 62577 69549 70137 60906 59509 69196 60334 45578 59204 80695 68861 55012 74898 100000 100000 100000 89444 81704 88554 96674 96536 89112 90726 100000 100000 84754 70703 60815 40893 36336 46498 47963 38937 40191 52218 68503 85335 97996 85670 44255 36378 61116 60773 30984 20647 33523 72058 100000 100000 100000 57780
86751 92506 99441 82225 54729 30453 48924 85972 100000 94690 63175 56555 55942 55479 56219 60995 77317 72356 47023 44221 83786 100000 77775 77216 88252 74511 49307 39889 48490 48993 41637 51883 81032 100000 100000 100000 77958 69303 81407 75649 49926 37918 50432 56503 68982 92547 86321 58898 27543 35908 67599 89049 82882 60150 56323 40727 30432 49642 71861 63945 54212 74850 100000 100000 88075 83402 65334 64419 87184 100000 100000 88471 88209 100000 97436 73588 48096 37842 49180 53548 53691 52814 52936 55679 68602 82897 86844 71550 46741 54657 78903 67834 40319 49169 76429 93254 90765 90100 79906 59851
59608 71140 93039 85316 57023 20495 21973 54346 81786 93514 82914 79586 79776 79676 79518 83681 100000 100000 76499 62667 73430 70998 47897 57960 83042 72160 48965 54569 77565 80205 57669 39035 54980 86637 100000 86296 54584 50666 77339 79853 54311 48838 71329 81292 90699 100000 84057 55231 23082 32580 66536 92647 98090 82930 78906 62817 53438 73452 94226 76993 57240 75649 94692 81989 61680 57515 38017 35855 60078 84094 81677 62996 61940 82362 93547 73808 49451 51282 74204 79594 79934 79937 79598 78268 70419 61690 59537 48703 39117 57403 82869 80381 66043 80460 100000 90029 63296 59955 66266 76483
42740 63363 92587 85535 56899 15188 1997 21702 42944 63425 73867 81506 87163 84174 79507 82338 96100 95192 77180 59875 52399 47657 39423 62865 94011 88825 74625 87835 100000 100000 91818 61265 58374 75233 96160 83255 54725 50459 81941 93943 75892 74006 99175 100000 100000 100000 77536 62848 38192 32226 50249 71066 83970 80833 78861 67244 66326 90268 100000 100000 80202 91302 100000 82088 61743 57075 31382 21223 43211 69658 75335 62644 61347 71678 79047 71621 59688 57464 71366 81757 91827 91924 81874 73206 62065 50574 41682 27698 28129 56720 85171 100000 100000 100000 100000 73687 41986 46788 72280 97645
55793 86570 100000 87314 57557 25947 18533 28400 31151 29452 41952 63606 78892 70816 58205 58689 62842 62568 57117 44997 36631 48139 65598 90693 100000 96695 93137 99898 100000 100000 100000 100000 85491 76427 93071 99182 76164 61923 80666 97645 90573 78766 88949 100000 100000 85279 64525 76696 72194 49428 43041 49949 56561 57943 57354 47972 51283 77188 100000 100000 97363 97435 99150 90504 82614 78339 49550 35395 56264 83927 93649 83952 81261 67307 57513 67781 75724 56914 46326 64287 91494 91757 64602 46568 55261 67519 52980 25628 22771 56222 87411 100000 100000 100000 82826 44262 43218 65411 100000 100000
69843 100000 100000 88353 58287 40847 52083 64114 57453 38815 45279 71895 91310 81052 65034 64512 64544 64542 64475 53253 40841 56934 84422 99017 85609 75655 75631 75705 75796 76680 93564 100000 81127 60975 75783 90047 69376 49007 58096 74891 72088 52818 52680 77568 88659 65655 58166 83126 95169 77060 64361 64403 64475 64504 63931 49095 42088 63202 90118 98197 81658 75659 75663 75573 75498 72355 51120 46717 70313 95010 94862 77860 74080 54595 45274 66125 84098 65260 50622 72759 100000 100000 73160 50691 64884 83969 66273 31643 23239 56148 87443 100000 100000 76632 42204 23338 50654 81660 100000 100000
64016 97247 100000 81175 53468 43801 66392 84167 80478 64778 68683 90823 100000 96524 84368 86614 91945 95922 96525 81545 55840 59612 81725 84796 58594 43547 43099 48713 54675 56290 73319 81829 61063 39442 48734 61283 44264 28293 38866 54704 51621 29219 23484 45074 61350 58333 64121 88287 100000 92091 84401 86355 87727 89211 90617 72794 53350 64215 85635 83536 58303 49063 48621 52162 55256 53002 38430 40855 64451 85205 76945 53379 47476 34734 39293 66094 87714 84511 82241 100000 100000 100000 100000 82376 84388 87824 66430 33662 27460 58059 84059 100000 78876 44208 14944 8349 44038 75764 100000 100000
44898 73909 80046 55377 38866 29645 45278 67538 80690 82270 72448 69557 61699 55990 65413 81600 100000 100000 100000 100000 87016 71026 69689 61999 40059 20657 14303 37999 66512 71084 88113 96623 75857 47649 32426 41059 45210 50887 63256 69996 66278 37626 14378 20879 38799 64963 87365 100000 89754 67186 68497 79864 82446 86673 99341 100000 83728 70278 70811 70188 57825 42694 36969 53212 69356 67856 49144 36393 45131 62156 69297 54028 38056 20129 32994 66069 92958 100000 100000 100000 100000 100000 100000 100000 100000 93254 66465 44396 50789 68669 69641 61543 39432 20411 2169 0 26083 56012 79523 78411
49772 74609 73555 53644 47887 32080 29277 51413 81204 99876 76477 48827 18083 16201 46968 74467 97734 98906 95936 100000 100000 81452 59009 56796 61748 45280 27298 46804 79829 85412 100000 100000 90185 57293 27989 42804 69576 91457 93807 85022 82527 65756 47100 44209 52436 73210 88257 88881 61612 38753 53067 71196 64166 61843 84648 100000 100000 76205 57693 68258 78846 59850 44126 61198 83288 83094 69050 52600 49806 63099 85328 78159 51860 21625 31184 66057 93711 100000 97695 96523 99043 99068 96552 97589 100000 94022 66499 55013 73864 79163 56715 38726 40722 44138 33812 19129 32985 59995 67505 57201
76118 100000 97824 78662 74719 57062 49910 71561 100000 100000 100000 68410 33822 32506 66755 93447 96600 72940 64106 77327 95355 82909 58105 66201 88936 77214 51140 46469 61276 64929 81795 90200 69508 37881 17027 43516 75896 95027 83217 64901 64605 69218 74766 76114 74139 68282 64196 62366 48030 48885 73724 90216 69848 56426 79745 100000 100000 77189 55672 69178 84678 65164 42558 47093 62682 64128 68692 74535 76117 85422 99326 85550 56813 23796 31599 66261 91342 90747 68860 63898 63971 63971 63899 68627 90382 91329 66519 56950 77920 80976 55281 45313 64781 76119 66841 49477 59832 85859 83204 58769
96546 100000 100000 85183 80771 63114 55962 77614 100000 100000 100000 92174 69364 61436 76922 90890 85819 64761 58054 72215 96905 94097 74950 78859 93216 82983 62799 56207 60106 56075 57750 58169 46596 28238 16051 35623 60199 76680 70965 58607 60474 79379 97178 96153 85039 63921 47369 40523 45032 77238 100000 100000 79986 57256 79477 100000 100000 74151 64259 80320 87527 65127 35535 22902 28303 31917 60774 92934 96442 97413 100000 96221 74125 48353 54444 81500 96120 75500 45307 45281 52933 53007 45370 43308 63138 78078 68068 68211 86438 81607 56382 57646 87573 96728 86143 76709 86740 100000 85579 56937
87555 100000 92786 63952 59127 41471 34318 55970 81283 87891 82442 90814 99403 86397 64483 53432 57657 74357 79681 86223 99052 100000 92796 81956 69924 60697 62458 84323 89962 71570 44434 36620 49924 58933 51265 40224 44584 58444 74196 79570 82553 99419 100000 86289 72079 69680 61891 43680 48657 88507 100000 100000 70006 55469 78869 89791 73606 67271 83708 100000 93981 65123 34796 20356 24685 29525 65954 96480 87217 74363 85731 99421 93429 84064 86278 96108 94086 61463 42837 58372 83189 83429 58659 38149 31502 53449 71574 93715 100000 83036 57314 64832 92075 88147 74603 83130 92426 81665 52213 41349
70775 93532 86543 63895 59635 41978 34826 56477 76510 65194 56170 78346 100000 100000 69942 43887 43396 69737 79162 79404 79912 80034 79336 72875 63884 60849 71714 97740 95003 67898 31647 31305 63531 88684 88853 66150 60155 64513 73907 79004 82315 98311 94685 69027 56865 76207 81172 56267 45998 66808 80672 71751 48665 52720 78533 80498 58926 63464 94470 100000 97552 65159 41670 44036 58338 62606 85799 92928 70308 48021 55329 77279 79822 79536 79604 79903 72057 48809 51172 77420 100000 100000 77818 46443 20421 40971 73514 100000 100000 83826 57496 64376 84499 71594 56412 74878 83767 59120 25473 30280
73546 98060 100000 88646 86449 69470 61708 82792 100000 78617 60069 81307 100000 100000 95526 68350 45381 45190 49438 51660 54872 56336 57286 68983 85440 90695 95016 95121 71123 41751 12414 24060 60866 87714 100000 88675 83266 74873 58252 49565 53438 78461 86592 64766 54316 76104 82018 56291 35997 42845 52724 47626 36402 48895 74605 76442 56978 63321 94358 100000 95836 65605 49684 66290 88976 93347 100000 92885 66002 41709 39641 54273 56400 56087 54635 53020 46060 33323 46579 74734 100000 100000 81825 51091 23258 41267 73575 100000 100000 86803 61379 65811 82904 70754 57689 77255 86223 62227 29703 33484
92893 100000 96297 91321 100000 89159 76040 92141 100000 93239 78794 100000 100000 100000 98316 87930 48560 17760 21944 39527 59427 66258 67795 85850 100000 100000 100000 100000 63330 32665 6977 16891 43682 63545 85441 83489 70877 50645 28194 20764 23826 45042 57375 46092 47538 77019 82330 55442 25155 25489 42420 48865 40282 38315 51919 52001 46680 63156 90409 99220 79767 69265 70191 89914 100000 100000 100000 74399 46834 35807 46624 64378 66639 67192 58771 45187 27521 9480 26047 55403 94622 100000 97861 76425 43631 45947 73568 100000 100000 100000 84019 71983 71100 70127 74609 95577 100000 86229 67494 62703
93133 85223 63052 65570 87664 83856 64239 74294 94554 84939 77911 100000 100000 78194 72546 86748 59711 28557 40998 69016 86502 85102 84990 90848 99090 100000 100000 100000 79783 50774 27836 32698 46075 55208 76276 73366 50012 28200 27626 37740 39061 44573 48558 46667 58845 86457 83260 55001 22038 28650 59103 78919 70831 49002 47472 39323 39615 63025 85619 76633 60272 73650 84494 82137 92281 100000 100000 65265 46811 49412 67650 83116 85372 94081 88605 64861 33659 6541 24716 54980 87158 100000 94314 85220 55705 49363 73549 100000 100000 95636 88912 64961 53358 69365 92183 100000 96550 92374 97053 93342
68231 58601 42430 54319 80433 78448 57188 65714 84510 67728 54027 75306 79932 59038 61848 84107 73263 56940 74837 96676 89199 69878 68225 68228 68234 68236 77377 95863 86680 59625 43253 57181 71603 77745 96867 91999 65655 45226 54213 70992 71769 71770 71772 71778 82691 97794 84088 54971 22650 32824 67383 92819 94356 75650 71148 54364 43671 63073 84413 70930 55349 74727 82247 59991 58147 84396 96428 80828 71768 71265 69586 68343 69598 88001 95516 73894 41249 21107 48127 79617 97828 85346 68708 63871 45172 47791 73529 95383 88255 69695 65884 47595 45201 69173 93448 91283 71394 69234 87010 95910
45018 37833 40995 66445 90005 87798 65556 67100 78765 61800 47316 61014 64955 58877 72739 97853 100000 96090 100000 100000 75922 38268 32093 37720 51058 56217 66820 90884 86196 59883 49602 70836 84502 87258 100000 100000 100000 79066 79054 92842 97632 100000 100000 100000 100000 100000 85227 54745 18801 23536 56191 87792 100000 100000 100000 80892 62128 75398 91747 72697 55260 74703 77563 43855 35216 62352 88219 94141 95056 93327 74452 57788 57720 80378 98223 84456 59313 50812 77397 100000 100000 77116 56720 52609 37331 40026 61761 75838 58346 35441 32449 26106 40134 69173 90549 75085 40876 33482 58539 86584
49325 36868 54841 88240 100000 100000 87386 71281 66427 73806 80133 74125 58291 59980 88211 100000 100000 100000 100000 100000 66160 31709 14292 24717 61204 76480 84619 99279 87011 60107 52341 67644 66996 56648 83943 100000 100000 92962 74602 84255 100000 100000 100000 100000 100000 100000 86483 54424 13314 10297 40236 78657 100000 100000 100000 88782 82640 94551 97200 68726 53473 74707 78432 46849 39471 64938 78424 79457 90976 100000 95711 78536 77276 90004 100000 98540 90749 92349 94723 88386 79525 75501 76424 73012 52592 38220 44101 48273 35908 23025 21128 18830 38419 69173 93535 81036 37542 16733 37216 77500
67968 46390 55822 80481 85276 98262 97829 74165 57098 77628 94911 74633 41351 40650 74853 100000 100000 100000 83174 67977 72488 65544 40521 37776 67124 82012 89478 100000 87234 60347 56727 72140 63365 40206 48445 78952 85710 68115 49010 62431 85918 81463 70242 87807 100000 100000 86410 54688 17822 21174 53345 89636 100000 100000 77130 58633 69033 83612 78387 53391 50185 74727 82194 59808 57888 81282 74782 57721 72490 97239 99218 84190 82077 83122 84276 84137 89187 100000 90604 64582 48849 64033 81532 80460 69569 57969 56037 56191 55049 53990 51985 38662 43095 69173 100000 100000 73584 44504 50345 79439
70000 45230 41495 54836 57813 78420 92107 74172 55166 66212 73688 50726 16653 15893 49596 79797 100000 84138 52063 47482 82127 95290 70314 47569 48672 54943 66229 91307 87547 62549 66441 94150 90390 62811 46856 53602 56427 45129 39757 60332 82555 68548 45837 60156 95294 100000 86855 57550 30270 45646 80780 100000 100000 78929 47957 31007 42650 56581 51982 37722 46419 72894 81038 61526 61571 84779 75713 55886 70470 92505 83846 61030 58696 58830 57819 56792 64663 89586 89270 63975 42041 45943 58073 59923 70254 81312 83215 82450 81724 81546 78925 56772 48151 69206 100000 100000 100000 71782 69616 85107
70000 62128 55823 48170 39510 47790 68276 71315 69467 84272 81023 55366 31158 37842 59633 67783 60416 36142 21729 35223 87913 100000 100000 66917 25262 22207 44765 87392 99530 84135 91896 100000 100000 100000 72020 51413 40654 35105 47751 66394 73940 68103 59159 63429 78514 95285 94486 85560 77771 84412 96420 100000 82127 52228 40120 40107 47207 45060 33078 21350 33165 53000 61612 62700 79145 100000 86752 58298 70470 89828 77849 60393 67178 72403 59847 44130 44384 76873 98136 84830 65665 59156 62710 66318 86743 100000 96013 84710 77020 76962 76177 67798 63385 69741 84380 98736 88555 70920 75348 88672
70000 92471 99482 73323 47886 26784 39593 67054 92180 100000 100000 76330 66930 84786 88699 66079 28084 18218 34852 54763 77292 98387 100000 80342 30824 31754 61376 92739 98434 93836 97188 100000 100000 100000 99039 77549 53246 48367 70036 75806 61615 73355 91527 82340 61539 59562 84459 100000 100000 100000 83554 59090 35842 44950 64700 90110 90391 64109 40125 26398 36800 45435 45780 55745 83724 100000 89895 58985 70470 87809 77501 73017 94250 100000 95029 61454 44783 62590 92522 93948 87811 83754 83490 87119 100000 100000 78887 55852 48646 55713 58449 75604 84188 70544 54252 51792 57735 55783 74135 91124
70000 100000 100000 88343 57151 23837 30798 65567 98517 100000 96590 65514 61301 83070 80721 49885 20574 37909 70427 81646 63375 61255 84736 76798 54268 66094 91427 93056 75707 72593 72597 72609 72611 78387 96379 90398 64062 58012 79658 79158 56513 67514 86818 70805 36412 24773 56522 87566 100000 100000 72626 39381 20422 48193 79728 100000 100000 77201 50207 43302 61114 67311 54893 43719 61347 85603 76226 55998 70470 84508 66155 59826 85948 100000 100000 73928 48434 47345 67785 72593 72585 72579 72578 76898 95273 92295 66480 43830 48822 66024 69885 89679 94149 70826 46008 46143 64421 68438 86443 95742
78007 100000 100000 79200 50514 21265 30645 65567 94815 100000 68813 41920 43785 67336 63587 36207 30977 70783 100000 98978 51116 30251 52134 69553 81478 99622 100000 85363 46228 38416 40685 46963 47942 52860 82560 93223 72721 67318 86639 86187 64194 58467 56840 37775 7133 0 31317 62825 100000 100000 80335 48935 24739 43313 70802 100000 100000 84403 62022 64945 87856 91989 70038 37742 39017 58421 60887 60157 78428 87350 57102 38603 58510 95786 100000 81505 55685 38530 39476 38515 36468 37619 39310 44568 72072 84321 67240 56765 78262 100000 100000 100000 97924 70826 50222 65877 96396 100000 100000 100000
96231 100000 97861 55063 37825 21152 33089 65587 88558 78771 50637 47987 71854 95126 81459 57605 70590 100000 100000 93565 39293 16390 29594 71272 100000 100000 100000 73641 33396 15321 22784 47885 49681 41524 68671 98287 93636 90983 100000 100000 86993 62593 35604 19628 2439 1016 31080 61688 99741 100000 97376 77174 45026 36773 48394 77217 100000 99236 90369 97472 100000 90611 70908 53852 47982 45119 53429 78080 96437 100000 78342 51120 46488 67607 96638 97902 83566 59425 33389 15989 5274 11299 20152 22613 40066 62449 70479 89316 100000 100000 100000 100000 95948 70826 52632 77142 100000 100000 100000 97823
87836 100000 89229 56823 50637 37555 39867 65622 84980 69064 53839 73120 100000 100000 92923 69865 82647 100000 89019 60456 43645 46938 52029 84462 100000 92968 73859 71146 62892 39326 44493 73836 71233 48439 54575 81819 87547 87252 88307 88282 85459 70897 53521 48110 38625 31477 51469 79848 100000 97189 87975 82514 65379 52840 52880 63923 81545 88080 90912 100000 94945 69450 59712 75474 75200 52186 49484 75212 87859 95136 99750 80545 55535 49336 73412 87965 89831 89899 68242 40719 22574 32778 47768 45384 36598 47992 73238 100000 100000 100000 79405 79201 87770 70826 49098 60621 87884 90861 74139 64940
61477 87936 94292 81867 78428 58157 46557 66289 85073 68634 55239 77042 100000 100000 69999 47040 58318 74922 57212 38039 52558 76526 80324 92705 87554 61532 48248 75055 91151 68996 66931 84434 76083 49476 41276 56487 61477 61477 61477 61477 62266 69204 77622 79742 66995 46337 56185 83103 94021 73914 60287 62178 70878 78308 78954 74144 65212 60964 66462 89262 90055 65334 57565 78661 79969 53873 40078 52828 60861 72088 92971 84715 57956 40264 50099 60843 69450 95819 96214 70712 51961 63150 79235 74833 51333 48412 72959 100000 100000 74253 48022 58180 82614 70825 45243 42598 58694 60480 43038 34712
59793 84851 100000 100000 100000 91799 73219 83768 94630 68048 44703 58594 77408 70129 47308 36650 40516 40436 23697 13583 40195 74594 83716 77268 48588 26528 28258 66719 88731 73322 75329 94414 90935 69813 55053 57609 59793 59793 59793 59793 62138 82750 100000 100000 95848 58643 56999 82869 87501 52093 26651 29627 66702 97403 94476 79767 58653 44818 41762 60342 75708 67818 64186 74049 74660 62436 52773 48462 42734 44888 66275 75517 64376 53866 49014 43899 45696 75306 90567 74499 64644 86344 100000 100000 69381 38959 56632 86365 81552 40227 14669 36744 77559 70825 45029 41597 57074 58615 36477 20087
81534 91340 100000 100000 100000 100000 93635 95740 95407 68150 43220 44843 44011 41221 50222 64079 62239 40086 27310 18105 22737 47691 67591 56886 27821 27349 46293 64121 62924 56617 67415 91410 97968 90768 83255 81311 81534 81534 81534 81534 82849 94403 100000 100000 94075 57887 56949 83776 98220 66435 30049 22964 62354 93055 78477 69195 70736 59978 37992 29538 52458 72518 76712 65324 64618 80258 95143 80147 54425 32847 33331 59497 77223 94365 84290 57804 40092 44364 59092 56552 53246 73884 100000 100000 76640 33552 46821 78735 79759 42140 16719 38062 77870 70825 47793 54520 78003 80248 55285 34044
76655 76805 77064 77208 77211 77073 76913 76924 75744 69597 63879 62773 49265 41114 61057 87479 92613 71194 62745 50647 35909 50517 75565 69292 49063 61493 86142 85672 66672 63449 67270 74065 76931 76853 76719 76658 76655 76655 76655 76655 76679 76893 77153 77213 64868 45430 56125 84877 100000 100000 65385 49004 69856 83747 61780 59954 81349 76355 45019 20121 42459 74700 82527 61273 59955 88864 100000 100000 69248 35311 21624 52342 83330 100000 100000 73649 47408 42393 59126 62980 50818 46722 68958 90509 72745 49748 66638 100000 100000 76637 50480 59760 82986 70825 47172 51620 73306 75588 56326 44875
50391 48091 45785 45181 45341 48060 51089 50674 52458 68465 83243 83534 63363 43548 56774 83391 100000 95718 89378 74816 57583 71549 97235 97097 82552 93683 100000 100000 87710 84126 76025 61757 55638 55590 55590 55590 55568 53291 48135 45281 45641 49590 54380 55586 48161 41250 57460 83455 100000 100000 86844 68673 77270 82489 62674 63651 85760 81419 50997 21923 38444 69535 78453 59634 59831 88980 100000 100000 69528 35417 21503 52251 83403 100000 100000 78883 56674 63272 89311 94212 67830 34677 42396 67287 74266 77260 98148 100000 100000 100000 76382 75664 88141 75916 50216 36209 42544 45199 35793 37103
44556 29618 19136 19529 20953 36768 52265 46630 39865 59143 76169 67105 43806 30110 40868 59582 92717 100000 93938 66659 42387 57763 86584 100000 100000 100000 100000 92139 73032 70910 70388 69468 69074 69071 69071 69071 68968 58233 33918 20464 22160 40779 63366 69071 68773 68585 69418 71452 81859 84416 72278 59380 59305 68695 70120 84326 100000 98035 75894 33233 25094 50240 63036 53745 59596 88980 100000 100000 69528 35417 21503 52251 83143 100000 100000 96576 85567 95687 100000 100000 85280 36717 36715 65024 92442 100000 100000 100000 100000 100000 80616 68914 85140 94546 79654 36536 14851 25016 31253 33200
63493 38516 30618 40522 43724 66220 83178 67467 49339 60413 68962 48521 27885 33082 47660 55679 85035 94774 73668 37202 17070 41432 72753 100000 100000 98743 73069 54089 54293 55636 63873 78380 84602 84650 84650 84650 84561 75296 54311 42700 44163 60232 79727 84654 91620 97813 82016 58813 44037 50160 55557 48353 39810 54132 77783 99678 100000 91914 81514 44174 30715 53593 65715 54769 59637 88980 100000 100000 69528 35417 21503 52251 82511 100000 100000 91528 89923 92619 96890 97113 73232 45175 55447 83612 100000 99834 97995 100000 100000 89388 60037 37286 58128 90470 96134 56245 31770 52250 67710 57939
70000 46556 51178 72034 76064 92256 97025 74458 55876 73991 88935 67534 48075 58253 74210 78664 96155 92766 66916 33181 26198 60306 91254 100000 100000 66369 42865 48164 71102 74746 72077 67330 65286 65255 65170 65085 65091 67265 72167 74854 74497 70840 66409 65274 77197 95439 83931 56811 44457 62258 74911 66411 46012 52518 79193 95900 81548 65474 60598 45340 52960 79648 86519 62691 59878 88844 100000 100000 69529 35468 21549 52256 82001 95728 78885 65222 65203 65249 65269 64889 50529 41869 61861 88429 93823 73103 65313 78712 95809 82431 52672 19923 30871 64343 80838 66656 61351 85750 100000 88688
70000 51324 72391 100000 100000 100000 100000 87063 74187 98467 100000 100000 84903 81937 84089 80781 85792 83061 68152 47203 48319 81892 100000 100000 70977 31308 17802 45448 87487 97883 90389 68558 57492 55307 43712 32244 30475 50775 92734 100000 100000 86873 66419 57044 65563 88466 83337 57512 56423 91131 100000 100000 74093 70602 90710 97939 70659 45577 40062 50767 85952 100000 100000 71185 51274 68235 91018 88135 69719 45248 30191 53274 81409 85023 56375 43115 49503 55976 57545 57108 47957 49910 75219 100000 97560 67307 57447 74748 100000 95543 65153 20320 14657 43005 70357 89409 100000 100000 100000 100000
70000 52158 76098 100000 100000 100000 100000 98640 94474 100000 100000 100000 100000 89275 67406 47370 37799 55045 71174 71042 62754 75946 100000 98406 52438 24586 18673 36486 73273 95644 100000 90737 78905 74576 51242 28162 24516 54570 100000 100000 100000 97663 93198 77555 71215 85934 82842 57635 58514 96178 100000 100000 97413 92761 100000 100000 85421 56530 40501 57207 99394 100000 100000 81291 48285 36259 34513 53384 70183 69283 51430 55776 80866 78009 49836 48843 69196 82873 80428 78458 67440 65587 88990 100000 100000 87946 78828 94730 100000 100000 78714 31769 23203 50656 86951 100000 100000 100000 100000 100000
70000 47561 55648 79128 82261 82153 81710 81237 81101 81770 82369 82424 91931 92293 68588 38315 15603 39582 72964 82908 62750 59755 85232 93535 70926 57756 50259 39006 53953 81432 100000 92207 80245 78383 68823 59366 57984 77554 100000 91867 68731 77816 94724 78363 65017 80357 82279 56959 46978 68342 82243 82048 81337 81019 81817 94936 98395 75815 50366 49894 74447 82393 91082 92822 70026 40691 15563 35949 70459 83546 64033 57261 80741 77988 56425 65132 91504 98691 84057 79708 64432 53907 72963 99721 100000 87573 80146 92860 100000 93577 63549 28254 35701 68094 100000 100000 100000 72534 70332 85849
67060 42344 38966 52300 53591 53661 54411 54110 53442 54006 54464 54153 76483 100000 97128 66203 31714 42191 73040 84198 64437 59642 83946 100000 94533 86087 74695 50975 56598 83116 93823 69916 51213 53731 69282 85502 89306 95583 88647 60961 38148 49619 68465 52197 42807 71660 84009 59797 41148 48217 56886 56866 56173 54732 54356 74451 93772 79565 52967 40693 51979 57029 76457 100000 99379 69896 33445 39435 70470 84859 66459 58395 79845 75232 53694 63221 87103 81578 55949 50936 37883 28686 46325 71088 77214 60026 54122 66441 78995 63092 34794 10420 30907 66262 96471 100000 69805 42073 48064 76228
47881 36687 42648 47960 39051 39844 48327 44924 37359 43748 48928 40740 60105 100000 100000 100000 57750 48047 73059 93070 84278 68992 74496 93675 100000 97303 77951 58432 74230 100000 98717 50498 21370 26238 60414 100000 100000 100000 72144 28219 15292 37437 58612 41451 32755 70230 97368 83594 66541 62785 65327 66155 63376 51410 40266 55732 90691 96026 78572 63969 63689 65448 84292 100000 100000 100000 61173 46831 70470 92297 86082 69465 70766 49210 28789 44014 64324 47237 19782 24249 34124 38612 41627 45186 38922 35907 44639 56967 52496 29492 11462 2112 22889 47384 60571 50772 27258 19798 34562 55334
46131 53504 75359 73223 51415 53139 71605 64197 47731 61637 72914 54246 49543 81319 100000 95050 61421 50068 73084 100000 100000 81061 61493 71747 91582 80650 52012 41686 73656 100000 100000 63064 36858 36550 48489 80959 100000 100000 74334 39160 38931 66118 79703 58708 42285 64788 92889 91931 87015 84411 84341 88738 93721 77131 52844 48119 76361 94433 90665 85953 84294 84375 89968 100000 100000 97169 64430 49266 70471 100000 100000 83752 59397 23009 15318 42215 60848 42650 25422 43839 77692 88401 66807 42884 20627 35906 63540 80086 64898 39880 34604 33835 40128 46023 41198 23712 25315 44837 61967 57815
70470 80278 97066 85644 59571 61556 82814 74285 55330 71339 84320 62596 43037 53078 69001 65343 46122 47614 73091 100000 100000 84437 57734 63890 83921 71295 37609 20512 49476 79930 97062 84475 70626 64414 44893 49369 75649 96283 87759 71238 73997 93165 93188 68231 44943 49023 67509 69528 69528 69528 69528 77587 96025 87813 60861 42734 54425 69248 69529 69529 69529 69529 69529 69529 69529 66605 47598 46069 70470 100000 100000 87749 56595 23653 31704 66527 85145 68721 56251 78736 100000 100000 78671 46938 20208 40603 73535 95800 89768 71903 70470 70470 70470 70470 61204 43764 54123 81315 97755 84310
84138 92064 100000 93746 71282 72983 91206 83895 67647 81370 92497 73799 51095 44349 46624 41299 35932 50453 72208 96950 100000 80314 61237 65635 79945 70925 42693 14587 22469 43394 72454 96159 100000 96998 53304 30516 51881 85215 100000 100000 100000 100000 97157 68229 39508 27141 34206 35168 32545 31798 35046 50366 84410 86715 60612 33880 32299 44440 47696 45771 43547 46325 49501 51490 54293 55769 42289 40164 60181 92341 100000 94821 68750 42162 54853 90416 100000 100000 95160 100000 100000 100000 76364 53524 34429 48999 72541 94628 100000 96760 92575 93542 96367 94478 85660 78167 92079 100000 100000 100000
64557 72768 94580 100000 92986 93744 100000 98606 91367 97480 100000 94174 84653 71572 53915 39327 47553 68325 69269 61089 58886 66589 72897 71443 66711 69694 71735 53217 28195 19458 32212 78058 100000 100000 73461 36863 54739 90498 100000 100000 100000 100000 98776 68229 37290 18216 20623 20427 9073 5841 19900 48703 89416 87920 60340 26596 21758 43969 57379 49047 39417 51424 61705 61793 68868 83091 70617 44060 43210 63940 94890 100000 90939 65597 61804 87619 100000 100000 100000 100000 96317 72117 68192 75447 81760 76943 69198 75632 96754 98502 83797 87984 100000 92037 82511 100000 100000 100000 92708 77597
57323 61441 75131 84773 84899 84958 85598 85341 84771 85253 85643 85253 95236 97872 75966 53880 65496 83282 67094 34543 25778 56430 81527 75741 56916 68782 98228 100000 71828 41980 19588 41178 82061 100000 76562 54235 73625 98494 99563 88349 90528 100000 95198 68230 42190 37940 50641 50562 32745 27672 49734 84115 100000 90813 60253 25754 26899 60461 81440 68364 53253 72066 82758 69522 72690 97162 96862 66971 54801 60172 75051 84831 83321 61123 48690 68651 100000 100000 100000 79901 43036 33894 61940 91674 100000 97628 66717 58476 79893 83178 60407 66977 86162 73337 60217 85014 99538 76428 39852 37189
82076 78951 66872 57461 56624 57293 58058 57988 57715 58259 59100 59635 77510 94838 79808 57532 68669 84907 66908 32274 22948 55562 82265 76109 56078 68704 100000 100000 100000 70885 30713 22900 52160 73543 64482 55824 77422 94621 78317 57490 60718 85370 92401 69594 48232 57009 78518 79107 62160 58387 80895 100000 100000 92332 60242 25569 27015 61450 83320 70980 55880 74572 79846 53605 49420 75903 95079 88823 82069 78066 65994 57316 55497 42417 43105 67495 98326 100000 80342 48618 17859 23868 61278 92919 100000 97856 65223 55898 76799 79657 56124 62609 82341 69478 52941 65791 70085 45068 15471 27316
97299 94932 59325 26786 24150 35566 47309 44085 37514 45052 59126 62228 79054 100000 94929 80038 86525 89085 66908 32274 22948 55562 82265 76109 56078 68704 99923 100000 100000 92166 53755 22883 37083 60868 65948 71277 95179 100000 59651 24843 28749 66831 97260 87997 70470 68044 76985 78251 84107 100000 100000 100000 100000 91521 60122 20756 13327 43641 69813 76690 67311 71651 68519 52462 54790 74980 100000 100000 97148 78938 44773 24907 23595 31563 59282 86520 100000 79443 37250 20488 9476 25378 61392 90561 100000 74993 48442 45901 64886 62235 37529 38232 56972 51362 37549 37542 33515 15667 619 24700
82832 95352 69151 35220 32650 54719 73243 60686 42034 51119 77412 83124 89039 97584 97404 95278 100000 93534 66908 32274 22948 55562 82265 76109 56078 68704 89404 83554 75192 88180 74454 45098 51657 74733 76471 78495 100000 100000 67139 32653 34777 62922 92694 95510 84950 67026 57525 59112 87297 100000 100000 98425 98618 87251 60077 18966 8233 37013 68705 97289 87510 66984 53757 62362 80077 88413 100000 100000 82449 55701 33519 30812 32052 48426 78832 95077 89455 49604 24189 35992 41788 43276 61877 88001 88636 58182 43528 51869 67782 56293 29708 21135 38285 44309 39810 37349 34295 28720 19488 33109
70053 93611 89430 68919 67311 86122 95185 74301 48823 47730 68671 73837 73858 73891 73894 77887 95754 92730 66908 32274 22948 55562 82265 76109 56078 68704 84498 66085 56638 79554 79344 57742 64452 84838 71729 59068 79992 98704 85829 66899 66396 69382 72991 73888 72645 68922 66345 68058 88926 97930 76533 58920 74625 84070 60225 24880 25057 58902 91168 100000 97311 65180 44628 54155 72706 76650 94448 94410 69582 45135 46068 63642 66174 68561 72400 73883 66051 43921 47657 73528 78006 58191 62219 88384 94164 73863 66148 78652 93389 78520 51214 39093 55635 66109 66095 66080 66065 65104 48964 42897
77124 99088 98982 85440 86752 100000 100000 81087 55713 43590 52211 55325 55325 55325 55325 60299 85502 90836 66912 34677 30239 63762 88261 82015 60799 68948 81765 66770 59088 77633 76310 60723 71588 90607 67038 39567 53281 80771 96275 92985 88331 70010 48342 40914 49001 78792 98677 97925 92816 70406 43192 33062 63657 86636 69189 42097 49262 84588 100000 100000 91003 58467 33492 28383 39315 45989 73100 86484 69617 54340 70389 95993 98276 84437 60174 48594 45126 52250 80191 100000 98902 63272 56750 79173 94881 92896 92164 100000 100000 96174 71152 60858 78944 91721 94889 96399 93623 89722 68311 55049
95799 97872 74650 62012 75434 100000 100000 97834 83720 71851 70961 71749 71749 71749 71749 75868 94584 92516 66929 43388 54748 87798 100000 100000 80826 70098 68912 70298 71008 68594 57551 62795 90093 100000 97434 56791 45697 62423 93752 98919 83544 60871 36566 19208 28629 87589 100000 100000 69420 28871 19963 29363 62428 91068 95860 80433 68852 87139 100000 100000 64710 41888 19955 4247 13932 30309 52782 66781 70035 78947 100000 100000 100000 100000 73755 48082 41699 74682 100000 100000 100000 64236 45157 43175 52148 76798 95958 100000 99770 75189 60804 53989 72210 93605 100000 100000 100000 87782 71464 75845
88879 76453 44661 42301 67255 92950 96370 89177 87211 84999 84220 84219 84219 84219 84219 87687 100000 93791 66938 47094 61172 86199 91183 100000 95402 71146 57206 73511 81865 60126 33503 45872 83058 100000 100000 90616 60139 57671 82151 83253 60631 59364 63438 44802 40983 82765 100000 78540 33937 20951 44160 63931 67751 74554 96241 92091 64675 68015 93023 90231 60852 50740 35882 21096 35921 59798 61538 54792 70416 94882 100000 95072 94368 100000 94988 69018 53750 80641 100000 86761 73281 71432 58186 31795 16472 45113 77984 96147 81868 58171 53193 41238 48161 73882 100000 100000 92975 64548 52151 71371
62134 54367 44990 62100 89673 100000 78363 62202 62192 62027 61778 61735 61926 62325 62531 67119 89464 91739 67361 43684 45416 60768 64482 85890 93511 71297 55429 73623 82972 58307 22535 23400 56388 89063 100000 95122 64129 58130 79585 79082 56853 69711 91114 75707 61284 73945 74129 47052 20245 38500 75676 90964 66130 49013 70715 74642 57051 63751 90393 99210 83620 77787 64556 51048 67132 90992 79358 56352 70068 92835 86262 64504 63181 83417 94063 73851 54708 67402 76391 54373 54889 84806 85912 54869 25107 41900 73925 97445 95059 79571 75642 53866 46679 69173 100000 100000 89305 59167 40682 50158
43059 36760 53312 94296 100000 100000 63406 42104 46976 40666 29330 27235 34803 50655 58815 62521 82924 94421 84393 68547 54271 46237 42369 67200 87941 71296 51360 58030 63969 45699 21365 21448 40117 58491 81799 81077 67021 63976 74864 74608 64514 78541 92784 79673 64839 58056 40916 14682 19252 73694 100000 100000 59180 30622 52023 69025 71030 80879 100000 100000 95642 98082 96466 92108 100000 100000 87418 45075 54530 74572 58934 30465 28442 50545 74928 71933 60365 54240 41462 21884 40162 99192 100000 94052 63181 66473 88608 100000 100000 100000 100000 75483 51776 69173 98334 100000 81324 64491 52760 48203
53786 34067 46849 93610 100000 100000 59170 50654 67401 57623 32131 26981 39801 66654 80475 79563 76424 84360 98517 100000 98352 64940 45619 60513 84192 71295 45574 38324 45020 40894 48012 60856 56507 41977 37380 56073 72911 75887 65245 65494 78867 84270 70569 58765 58894 60312 41082 16092 39152 99122 100000 87704 42115 36900 63057 88263 95317 95390 97398 80005 73000 89818 100000 100000 100000 100000 69883 30773 43468 65042 54502 29807 26784 31220 49155 68063 78475 65152 36392 25263 45465 93991 100000 100000 93171 91110 97907 100000 100000 100000 100000 75693 51826 69173 89117 79204 65062 75889 92186 83547
69545 36924 26506 60022 88979 84351 58639 65288 90188 89368 66742 61390 65291 73460 77664 73615 54579 56052 81273 100000 100000 84061 57363 63737 83905 71295 45636 42702 58878 62679 81637 93970 75127 43288 20272 44302 75863 81855 60426 60928 86661 93039 71760 62236 73170 88711 75388 50116 59966 88973 81218 47273 24183 48231 78736 98936 91269 78435 72627 50221 50090 75267 98082 94454 79586 75213 49945 40181 62256 86081 83031 63880 60141 45106 42777 66143 90805 89279 66544 61369 65584 74316 78621 78529 78215 78113 78232 78425 78616 78668 76032 54117 46739 69173 84498 65893 56914 81716 100000 100000
65536 30886 8199 30202 56974 59685 48362 61231 89093 100000 95212 93304 83435 59931 47235 42961 25316 28608 54498 92526 100000 87766 62886 68222 85207 71295 48359 56797 83598 89773 100000 98249 75062 45732 22769 44711 75942 83770 65044 65815 91078 100000 91120 84139 96044 100000 100000 76115 66030 66135 49379 20029 11598 47296 79044 93070 72449 52125 46919 37907 52168 78995 93622 72818 48291 45788 44455 64462 93506 100000 100000 85951 83323 63348 51151 70582 97984 100000 93483 87995 78080 61782 55546 56899 56598 53470 51205 50092 51806 55022 54960 44237 49134 73683 86987 66197 56746 81833 100000 100000
46133 24084 3825 11061 25688 24320 22248 41793 71076 97683 100000 100000 100000 53827 21028 17242 7260 19296 47168 85043 100000 100000 87579 91350 92521 71296 45678 50445 83926 100000 100000 84356 70613 62199 42698 49269 76061 93892 89852 89028 100000 99047 79269 72064 87060 100000 100000 82059 53598 35064 21616 5225 9233 47579 79239 97873 77540 47597 35584 43042 75173 96417 93243 52742 21690 22120 47912 93723 100000 100000 89708 67939 76559 72306 69764 89988 100000 100000 100000 92034 69425 55354 64129 77127 79759 59799 42455 31004 38824 61234 74162 78406 81477 93417 94448 65127 56230 81833 100000 100000
47966 43646 38734 39055 40634 26708 21804 43608 67884 76315 83762 100000 100000 70951 41423 37542 26836 38046 65712 94552 100000 94335 92259 100000 97084 71297 39432 27691 58627 85962 85407 63126 65603 80580 64943 54356 76145 99997 100000 91651 92117 79087 60436 55335 70039 96620 90886 63504 39445 37502 40846 33544 28609 50344 79638 100000 100000 69202 46366 51397 81611 92450 84204 58088 41334 42390 61911 89349 99442 86249 49912 43170 65452 72557 70859 88171 100000 100000 99918 69932 40474 43806 76809 100000 100000 91316 59419 32131 35270 71805 98091 100000 98025 91953 82272 54405 54776 81833 100000 100000
73575 73566 73539 73530 72337 54687 47529 69175 87574 68457 52582 73892 95021 88277 74060 69186 48362 48004 73022 94868 87423 68119 68756 88736 94231 71336 37720 20811 49901 79468 79312 57774 64505 84589 69794 55445 76065 95719 85023 67309 66807 69468 72707 73541 84188 98459 84170 56823 44013 61119 73519 65145 45330 52349 79739 100000 100000 77212 50177 42891 60271 66470 67886 71383 73453 73280 70718 67424 66505 57286 43881 58110 84170 79387 54825 62673 95741 100000 93318 61723 26279 24201 57857 89753 100000 99080 66464 31124 20901 52672 81361 93501 76963 66465 57645 41872 53532 81823 100000 100000
100000 100000 95690 93259 96643 81859 72121 91368 100000 67183 33152 51859 83704 100000 100000 100000 71040 45806 59947 78205 69855 48176 44023 66658 90391 83377 57383 31799 42668 65175 65452 52498 64455 85814 72661 51237 61317 74126 68133 57338 57872 69087 86952 96043 100000 100000 97287 69853 63529 86286 96171 83735 60372 59229 76175 97917 96580 74572 56839 46030 46217 43472 52352 81643 96941 91404 75292 60202 56842 52171 53899 79332 100000 94852 55883 53740 80393 99900 84998 64631 36645 27861 49910 77106 100000 100000 79612 41984 13634 31328 59619 75216 59270 44437 37346 38559 58115 77496 98847 95413
100000 100000 82022 79827 96073 88959 72317 85141 100000 67543 38639 57964 82874 97776 100000 100000 93462 48139 43733 60654 72737 59569 41261 42222 74278 96839 95813 64429 40569 45500 41663 42392 64354 90537 89801 57378 40669 41305 61831 77268 75954 67349 72537 90646 100000 100000 100000 85015 80886 96002 91181 74905 71871 74444 66632 54776 55505 67506 78991 85941 68675 47407 49919 83496 95776 78251 66797 72955 77838 69274 58047 73889 100000 100000 84398 76625 81776 72584 65460 72619 76036 72609 75268 86467 100000 100000 96073 67750 32190 38436 67053 91903 77543 51105 40297 56310 72834 65912 54268 56141
83851 72441 49846 56473 81677 79434 58408 67153 85852 68577 54417 75684 83774 69793 75759 100000 97374 67463 57668 71941 92024 81024 52549 26695 45676 81153 100000 89305 61521 57003 43741 41161 64330 95402 100000 83747 51720 37086 57376 80019 77070 54423 49796 73185 100000 100000 98194 70614 71181 86400 73977 56769 73022 83420 60573 27381 29421 63019 93981 100000 95782 63911 56744 79197 81344 56000 48898 70350 80970 69387 48110 56513 83639 100000 91582 80954 73411 50521 52459 77647 98515 93416 81220 81430 82447 82755 82306 66891 45482 56353 85808 100000 100000 69373 54420 73274 82705 58556 25961 31204
52712 45159 35668 51935 77807 77310 59006 68223 86454 70366 57931 79391 79496 49126 47058 74995 95172 90162 84832 93813 100000 85062 55671 18726 22452 53804 82097 94522 85195 81235 60505 45469 62296 94347 100000 100000 81279 54788 47922 54908 51819 38774 47003 74164 100000 100000 68859 41790 51163 79467 72429 56652 74190 84097 60268 26572 29871 65165 97052 100000 99458 67788 58795 76827 77170 51950 36720 47084 55117 47644 37233 52520 79191 90663 70657 55272 48761 36632 50120 77778 92194 72557 53020 53503 55624 57237 57461 47501 38550 55731 84122 100000 100000 70826 55592 74371 83247 58166 24459 29881
21674 19212 21359 38060 55796 67306 74989 88587 97900 80839 75126 98183 90919 45117 35106 65589 100000 100000 95892 94044 100000 98831 78797 35651 18841 41673 73716 94763 84022 71345 53173 42572 47281 62924 100000 100000 100000 90560 63556 46867 35074 30578 59316 93065 100000 84270 34129 14782 26288 60690 70627 72370 90412 86849 60395 31665 44358 84013 100000 100000 100000 88261 69738 56924 51332 43401 31439 32390 43148 46552 37753 39981 56659 71120 61768 44468 30198 22670 47795 77503 78947 40031 19283 31024 50823 62884 64252 58288 46999 45868 55406 84728 94013 70826 55592 74371 83247 58166 24459 29881
34974 34957 37408 42819 47667 62064 83082 93868 90887 72488 76015 100000 97366 58177 51569 82414 100000 100000 77882 62994 76968 94820 89290 56705 38518 58214 90097 100000 73698 47605 42287 54229 49333 36416 61639 99649 100000 100000 93024 68264 42854 28860 60004 96303 100000 81002 40486 32495 28818 44414 68161 93975 100000 90631 60417 32538 46841 87244 100000 100000 100000 93704 71212 38441 38010 54767 51105 44033 59913 76773 65213 45807 48593 70364 80796 62829 34782 18841 46534 77369 74643 37063 28597 53561 79451 85547 84061 85836 77344 54854 38037 56904 83525 70825 55592 74371 83247 58166 24459 29881
69173 69173 69173 69173 69196 69690 70504 70825 64013 45200 51579 77886 81898 59714 61858 92429 100000 100000 66935 44614 50766 69224 68597 49534 45362 68702 100000 100000 89278 59660 59820 81384 74667 48729 45112 65013 71022 85215 97458 79944 49338 20985 39007 72594 95544 90440 71243 67448 49346 44518 67405 100000 100000 91798 60257 26151 28671 63605 90435 96269 77333 70724 56929 42381 58009 82302 74170 55548 70470 94242 91015 71734 70521 88636 95689 73889 41076 20150 46460 77459 80794 58594 61416 87862 95851 78027 70865 83079 97004 81611 56692 63752 83927 70825 55592 74371 83247 58166 24459 29881
100000 100000 91643 85011 84040 74887 57058 46910 38515 24129 31347 51628 58711 55928 70794 100000 100000 89809 58058 37451 37359 46838 42933 29848 35532 59600 92957 100000 100000 95956 98241 100000 100000 80577 54134 51499 56592 76920 98561 87834 59828 21238 17223 38383 66134 92246 95630 89766 61959 47187 67407 100000 100000 98345 70597 34420 24499 49363 72708 77801 61272 55532 49713 54766 82026 100000 94517 64836 70351 92846 100000 96786 93112 100000 98671 73896 42888 26710 51260 75658 84360 83089 95944 100000 100000 66631 55649 75128 100000 100000 79891 73638 81295 70615 61612 80050 84035 58189 24011 25874
100000 100000 86485 67370 66098 71216 66628 50269 36181 38066 48369 46107 38838 53665 87646 100000 100000 65498 42067 40957 54382 54579 38052 21440 27473 42765 60319 91815 100000 100000 100000 100000 100000 100000 71491 63291 78134 100000 100000 100000 87147 58254 30654 20630 34271 78983 98608 82246 48355 41431 67399 98746 100000 100000 92602 72814 62572 71510 82324 84690 77010 74290 64432 59562 80933 100000 100000 86966 69911 74666 95772 100000 86152 88134 92423 73870 49546 50821 68904 68565 70634 92565 100000 100000 100000 81708 74419 90220 100000 100000 76357 52899 58167 69843 83735 100000 86933 58457 27329 24322
89448 84968 69519 57818 58048 78082 89961 71088 52523 67231 79966 59782 31166 38845 77068 100000 98696 65513 53566 66777 87965 78969 52541 35168 44319 53601 50623 50857 72632 99097 100000 100000 89804 82442 61226 64014 89151 100000 100000 87438 87442 91402 75801 48921 41810 72029 84207 58505 25703 33798 67390 94686 100000 90179 85963 83866 82404 82987 83979 84197 83490 83136 67636 48897 62040 91751 100000 100000 69564 57741 77959 85305 62762 65023 84076 73840 54792 69822 82808 62791 49309 68494 88624 89798 87590 84126 83283 93944 100000 85678 55903 25201 37263 69234 100000 100000 89216 58937 37148 42214
59155 61969 72431 80280 81742 95586 97401 74270 55656 71309 84002 62391 25901 19314 50217 78054 94092 85889 80901 91443 100000 83895 56957 48042 68886 80856 69019 41295 43240 69547 86504 73846 60237 54456 35599 40205 66196 86396 77505 60912 64507 91284 100000 79119 65732 80195 81351 54040 22449 33223 67446 90860 86194 62618 58180 58621 59221 59230 59003 59348 59989 60057 48920 40690 59798 89688 100000 100000 68544 54915 74093 81377 58522 61302 82022 72805 54670 71559 84213 62082 40119 44960 57770 58166 58166 58166 58211 72710 92751 81242 51750 21056 34828 69173 100000 100000 90037 60506 47459 65564
42715 45934 77488 99358 93920 88173 81840 71752 64098 70538 75761 66786 46354 32296 39170 51631 70545 88118 98216 100000 100000 97904 79001 78841 95699 97670 74723 31968 27166 53024 69934 63375 59408 62923 50810 48489 65261 79583 73279 61514 63966 85540 100000 96576 91177 86911 66053 38124 22693 44864 68936 74220 53817 28275 24766 34437 46442 44733 38056 43876 57481 60929 56966 60797 80082 100000 100000 79954 51414 38776 47501 56086 47822 54222 64704 54450 45296 70494 84547 61935 31743 19820 24231 24459 24459 24459 24511 42017 70104 63705 34972 10273 32286 69172 99722 100000 97251 84288 85432 97701
56160 48655 77042 93162 73722 46804 46989 67396 78596 69215 61607 74485 91526 85362 61635 43587 34520 58792 86279 100000 100000 99969 94710 100000 100000 84868 52983 23097 37889 66113 76864 70072 78070 97513 96985 82767 83705 87933 86072 82599 80421 69615 70119 84879 100000 97377 59909 31983 37304 68542 71499 52432 33774 29515 30544 50388 71230 61581 42339 48599 75054 82432 82424 86408 93795 98354 85427 57536 43623 32688 23460 34281 51074 63693 56591 44557 48798 78668 86383 61959 33090 23863 29625 29881 29881 29881 29927 44974 66481 55904 27175 5262 31104 69172 91584 92305 88817 100000 100000 100000
