30 30
438223 698778 733704 250510 730677 336895 590635 575538 908316 830739 898796 860554 353462 335039 185096 462782 869013 589037 177670 474750 504572 382373 993595 731768 278675 642143 92766 275340 687870 908929
399683 85449 889241 597367 609918 407996 440476 580449 290700 286994 803473 354607 19709 242167 923945 448650 800322 600296 356604 929952 275376 546199 314074 778592 878160 496383 902849 523672 272219 169685
157592 976830 829259 77126 540374 884351 725988 590990 299163 749962 209967 671738 919097 516632 906498 100677 196212 865055 877124 509935 644964 186678 530628 939163 741854 834976 854101 637777 106318 384477
629152 306365 610416 46080 848644 451011 325318 985539 40024 334208 677339 247426 803360 705625 90484 899862 797224 896403 204218 689607 908199 300456 75748 464601 81296 952595 653335 9657 462227 613605
457596 693374 767941 78149 966327 439224 619463 19115 494095 718692 878926 537543 19301 269586 115978 14014 718279 896309 91811 34019 436420 659906 85685 938266 574574 751825 176988 966709 621635 477547
339992 482343 244368 422654 872760 613286 965346 516612 345228 861112 872527 20891 665396 621962 508150 802762 526786 26872 742086 567017 28883 689646 666699 887217 496248 802100 129507 340694 4805 642635
241820 996643 767783 880069 33369 884415 185935 580062 355502 193142 539709 655905 828450 185372 127651 696166 842328 328403 162148 417271 117291 648751 718868 130143 728215 35463 326332 867575 578818 212279
690154 715825 951735 226355 940398 667312 367937 129691 630833 797643 757542 527015 88649 128800 45226 761365 712161 37275 772951 208760 567550 518313 43196 968686 97409 118785 417402 361150 281261 704333
236265 143832 657733 658860 385351 442376 766144 212329 170773 923555 279929 379290 902272 729332 851909 311409 542588 751771 648837 849388 568866 113605 974847 368241 206818 229400 551142 424192 747922 961643
224811 204721 337493 156967 655903 865677 644891 133717 76195 611887 430490 257719 71982 93720 573552 604469 478906 636259 624912 291232 618459 570643 175766 988395 785948 81066 501855 360084 674022 793029
184596 373325 286412 891123 193714 635997 52510 758462 324651 148507 786662 552231 648340 495178 97925 91732 24953 76150 296193 320007 482948 980456 743348 30989 376706 206469 666453 288962 109925 955702
583464 41415 340810 225353 365534 192590 291611 364265 501512 403823 235842 151159 157267 812930 328457 925221 533074 729477 707636 214410 855178 713355 675542 391972 43858 754964 198210 629591 627352 813908
491696 999266 402060 31612 594416 694261 554678 195389 867660 804732 327665 301848 758627 640515 503832 824928 308425 38796 944979 431156 535387 357687 456712 996589 755387 774327 519146 975984 327448 729976
34067 13305 281844 27906 355945 402525 614894 328332 975415 632270 743283 397181 174717 193352 379920 920696 822678 89318 892489 88092 467425 78944 45542 947336 590364 426111 363589 381442 915808 945307
638828 422295 56900 553177 284695 777587 953730 659951 117919 236248 328569 679357 591290 698248 988864 990326 77575 324472 364275 567395 468732 313808 794329 269299 965781 786339 665814 488945 695809 798932
259271 469307 9277 958617 842177 316853 599793 508710 461997 985502 816583 236657 556272 604490 623783 448310 539661 935847 313576 48400 332672 601273 340901 488723 842379 633510 580424 520472 451432 708799
536570 52765 695304 159184 771992 696264 855202 334220 735571 239242 166804 252977 654213 672862 395243 379033 989459 562803 148538 164849 38417 636838 655147 973481 886875 195484 171255 997038 86132 453834
550288 176139 767401 378748 651972 828532 957484 146627 236245 974344 316759 882464 164268 404266 922731 52463 748235 449853 364926 337492 723170 889718 494879 331003 471010 765897 702957 932467 890140 482210
783094 669454 372597 715839 515024 959295 73217 22808 151556 532955 536312 763979 367883 901222 816161 672556 630270 400308 542558 994237 292037 870181 771090 73520 658787 84867 967248 471850 250043 656569
686646 84812 399055 179623 421103 831020 667761 114831 279245 93061 696339 175413 116910 658195 183038 730317 643694 538639 251219 251586 840967 290178 315969 286823 960187 976389 971621 288379 852580 128576
809338 36366 954831 579897 23975 859253 386868 7206 151583 967 413516 921263 617508 125303 403572 946760 553721 808506 823352 982423 306698 526304 802440 491816 776803 188570 299831 28035 148436 425949
499818 2964 351808 551079 479883 774306 333555 390126 729879 513713 111270 645843 805948 780078 426605 32780 128071 883703 571186 79707 532809 65150 606339 430728 605274 30807 530168 649593 93882 67188
456463 858517 717750 445540 42524 371893 687662 758919 758680 152231 438693 731953 516438 617410 693043 92795 384034 917434 923900 846829 197565 81026 146608 77416 115190 760256 515519 957016 609194 231109
925035 982339 771310 148762 9279 678380 996856 294934 105202 874888 20623 312131 255566 251679 970460 7069 412381 194003 52151 997164 537560 798206 645929 834743 585719 250408 917224 214697 697073 755973
987182 54265 697597 980720 307994 570130 858341 764802 484025 929323 320307 394020 683424 922855 570738 421201 261764 32501 523633 572390 621571 554119 901903 549604 756551 209991 969003 284670 652161 745847
824403 247914 830229 738133 948141 609939 715057 279992 187847 891556 662097 427835 162846 542828 864376 867908 823785 784851 309331 176425 143052 633711 232080 242939 980765 953214 136663 777542 261096 321547
839677 527274 713091 439280 518745 626027 324262 326718 524465 653107 581155 189113 737295 821170 66426 378395 898677 186445 967605 656390 983411 931098 515656 487434 452029 532950 754946 210376 718286 889323
962539 287118 449087 947370 900827 435672 124172 411427 996479 367155 505724 327212 74801 728357 957827 484769 517812 780007 190778 330528 96992 31694 962318 967104 480452 801377 255477 680785 746259 700771
205655 521396 712580 662353 826598 756339 529472 487259 270877 909685 788711 954648 607776 671391 343823 728791 334793 757002 956737 291422 461633 791186 457896 197474 185196 305260 610231 158124 694382 447056
76532 566719 481169 935611 842430 92951 188023 257382 246486 350530 56420 190955 583140 384165 727928 433455 106866 776683 640262 607516 893551 679236 219973 938870 390022 683117 20033 376065 49864 547195
