30 30
7000 7177 7351 7519 7678 7827 7963 8085 8192 8282 8354 8409 8446 8465 8465 8448 8413 8362 8295 8213 8118 8009 7890 7761 7623 7479 7329 7176 7021 6866
7000 7177 7351 7519 7678 7827 7963 8085 8192 8282 8354 8409 8446 8464 8465 8448 8413 8362 8295 8213 8117 8009 7890 7761 7623 7479 7329 7176 7021 6866
7000 7177 7351 7519 7678 7827 7963 8085 8191 8281 8354 8409 8446 8464 8465 8447 8413 8361 8294 8212 8117 8008 7889 7759 7622 7477 7328 7174 7019 6864
7000 7177 7351 7519 7678 7827 7963 8085 8191 8281 8354 8408 8445 8463 8464 8446 8411 8360 8292 8210 8114 8006 7886 7756 7619 7474 7324 7170 7015 6859
7000 7177 7351 7519 7678 7827 7963 8085 8191 8281 8353 8408 8444 8462 8462 8444 8409 8357 8289 8207 8110 8001 7881 7751 7612 7467 7317 7162 7006 6850
7000 7177 7351 7519 7678 7826 7962 8084 8190 8280 8352 8406 8442 8460 8459 8441 8405 8353 8284 8201 8104 7994 7873 7742 7603 7457 7306 7151 6994 6836
7000 7177 7351 7518 7678 7826 7962 8084 8189 8279 8350 8404 8440 8457 8456 8437 8400 8347 8277 8193 8095 7984 7862 7730 7590 7443 7290 7134 6976 6817
7000 7177 7351 7518 7678 7826 7962 8083 8188 8277 8348 8402 8436 8453 8451 8431 8393 8339 8269 8183 8084 7972 7848 7715 7573 7424 7270 7112 6953 6793
7000 7177 7351 7518 7677 7826 7961 8082 8187 8275 8346 8398 8432 8448 8445 8424 8385 8329 8257 8171 8070 7956 7831 7695 7552 7401 7245 7085 6924 6762
7000 7177 7351 7518 7677 7825 7960 8081 8185 8273 8343 8395 8428 8442 8438 8415 8375 8318 8244 8155 8053 7937 7810 7672 7526 7373 7215 7053 6889 6725
7000 7177 7350 7518 7677 7825 7959 8080 8184 8271 8340 8390 8422 8435 8429 8405 8363 8304 8229 8138 8033 7915 7785 7645 7497 7341 7180 7016 6849 6682
7000 7177 7350 7518 7677 7824 7958 8078 8181 8268 8336 8385 8416 8427 8420 8394 8350 8289 8212 8118 8011 7890 7758 7615 7464 7305 7141 6974 6804 6634
7000 7177 7350 7518 7676 7824 7957 8076 8179 8264 8331 8380 8409 8419 8410 8382 8336 8272 8192 8096 7986 7863 7727 7581 7427 7265 7098 6927 6754 6581
7000 7177 7350 7518 7676 7823 7956 8075 8177 8261 8327 8374 8401 8410 8399 8369 8320 8254 8171 8073 7959 7833 7694 7545 7387 7221 7051 6876 6699 6522
7000 7177 7350 7518 7676 7822 7955 8073 8174 8257 8322 8367 8393 8400 8386 8354 8303 8235 8149 8047 7930 7800 7658 7506 7344 7175 7000 6821 6641 6460
7000 7177 7350 7517 7675 7821 7954 8071 8171 8253 8317 8361 8385 8389 8374 8339 8286 8214 8125 8020 7900 7766 7621 7464 7298 7125 6946 6764 6579 6394
7000 7177 7350 7517 7675 7821 7952 8069 8168 8249 8311 8353 8376 8378 8360 8323 8267 8192 8100 7992 7868 7731 7581 7421 7251 7074 6891 6704 6514 6325
7000 7177 7350 7517 7674 7820 7951 8067 8165 8245 8305 8346 8367 8367 8347 8307 8248 8170 8075 7963 7836 7694 7541 7376 7202 7020 6833 6641 6448 6254
7000 7177 7350 7517 7674 7819 7950 8065 8162 8240 8300 8339 8357 8355 8333 8290 8228 8147 8049 7933 7802 7657 7499 7330 7152 6966 6774 6578 6380 6182
7000 7177 7350 7517 7673 7818 7948 8062 8159 8236 8294 8331 8348 8343 8319 8273 8208 8124 8022 7903 7769 7620 7458 7285 7102 6911 6715 6514 6312 6109
7000 7177 7350 7516 7673 7817 7947 8060 8155 8232 8288 8324 8338 8332 8304 8257 8189 8102 7996 7874 7735 7582 7416 7239 7052 6857 6656 6451 6243 6036
7000 7177 7350 7516 7673 7816 7945 8058 8152 8227 8282 8316 8329 8320 8291 8240 8169 8079 7970 7844 7702 7545 7375 7194 7002 6803 6598 6388 6176 5964
7000 7177 7350 7516 7672 7816 7944 8056 8149 8223 8277 8309 8320 8309 8277 8224 8150 8057 7945 7816 7670 7509 7335 7149 6954 6750 6541 6327 6110 5894
7000 7177 7350 7516 7672 7815 7943 8054 8146 8219 8271 8302 8311 8298 8264 8208 8132 8036 7921 7788 7639 7474 7296 7107 6907 6700 6486 6268 6047 5826
7000 7177 7350 7516 7671 7814 7942 8052 8144 8215 8266 8295 8303 8288 8252 8194 8115 8016 7898 7762 7609 7441 7260 7066 6863 6652 6434 6211 5987 5762
7000 7177 7350 7516 7671 7813 7940 8050 8141 8212 8261 8289 8295 8278 8240 8180 8098 7997 7876 7737 7581 7410 7225 7028 6822 6606 6385 6159 5930 5702
7000 7177 7350 7515 7671 7813 7939 8048 8139 8208 8257 8283 8288 8269 8229 8167 8083 7979 7856 7714 7555 7381 7193 6993 6783 6564 6339 6110 5878 5646
7000 7177 7350 7515 7670 7812 7938 8047 8136 8205 8253 8278 8281 8261 8219 8155 8069 7963 7837 7693 7532 7355 7164 6961 6748 6526 6298 6065 5830 5595
7000 7177 7350 7515 7670 7812 7937 8046 8134 8203 8249 8274 8275 8254 8211 8145 8057 7949 7821 7675 7511 7332 7139 6933 6717 6493 6262 6026 5788 5550
7000 7177 7350 7515 7670 7811 7937 8044 8133 8200 8246 8270 8270 8248 8203 8136 8047 7937 7807 7659 7493 7312 7117 6909 6690 6464 6230 5992 5752 5511
