30 30
697797 803141 740448 156161 235647 741876 533741 652749 298239 709991 324072 992674 564895 297853 667639 561655 117093 414151 841187 307352 794790 675078 929612 69244 529473 524594 722528 596453 367466 211019
761542 737818 173388 892073 267982 824216 972412 184371 73079 868217 40286 394335 529223 193881 613508 622566 70834 31580 365083 838624 677235 335485 548409 496985 541447 470516 705961 331610 104976 492317
840990 532127 659272 657468 640819 877110 98078 382329 972418 702371 966020 696313 435931 651228 813709 917442 926461 93376 746982 380377 163474 430068 28476 808453 416182 660900 545235 169481 179970 359482
63173 142705 861008 207791 827680 43169 525258 875889 550880 333696 939304 318650 965257 183500 585904 561998 156675 910051 544374 710158 742070 26310 805711 840289 158279 200225 671452 316270 524413 127388
147437 262531 28041 645535 574555 204351 88979 613517 648962 116284 249841 722568 903103 193431 986121 11333 965769 128928 11154 741922 978620 373422 163938 540839 200013 970587 852209 302645 949907 350599
496691 268176 540416 948875 584314 47879 839532 664841 834845 646931 101779 202873 965064 858631 124040 549472 22538 107173 953786 205961 841274 70768 867580 289304 688395 366747 318755 690263 150052 23162
725694 166071 415182 840613 572821 687325 347270 758696 12968 704503 946939 542154 662257 186992 140615 22425 682526 20561 816186 308680 954773 704268 221644 47951 865377 704623 527269 259788 658820 235430
923311 856526 9205 534734 165381 894818 274389 112073 971336 457112 187440 947222 400389 580901 692990 619247 173362 902895 165597 978889 922652 366021 28965 73672 782379 456798 141088 560813 223078 483259
891792 201370 934222 758745 906001 940001 860695 609035 336054 204092 890169 965565 205007 404962 785199 332311 645802 793439 758077 633057 65494 45522 432601 565537 730513 905401 818158 892385 810433 122122
20526 853257 418522 309961 547541 978760 595321 532216 270868 604460 801270 387461 930345 916900 690447 346196 540902 756338 470620 493226 270053 355104 6004 357965 93672 925823 318706 365299 694460 800672
591156 68256 402744 994914 518657 302889 780496 413016 754390 676983 107171 851462 390391 730410 424921 781614 787447 918290 1157 730089 637404 163847 536647 442951 983857 761876 991900 534719 186554 192232
186408 225978 202011 270536 191138 49544 236057 159449 575908 818203 784608 570088 969583 742356 628771 208046 192260 500220 588655 69413 418739 532030 384883 459622 297321 207613 115689 354578 512960 103862
238616 719335 908693 243987 995945 93253 521557 353156 952106 446661 670792 570480 357767 931783 708003 478820 452094 565155 940059 660376 863894 25698 237153 608209 464974 992386 627805 474231 736446 494938
826308 479924 839637 580407 578142 773772 723471 984480 452442 889936 253663 211110 750604 547608 252306 248536 981439 550922 709688 51938 659737 659103 779930 387210 576144 544940 85474 244587 486760 83082
737682 554171 611309 46488 497865 985143 375797 604686 616817 245962 392309 766544 835252 927817 394738 157207 119896 229815 304693 424243 780223 114156 669535 577917 125285 688544 575128 889364 424465 521783
846549 612335 549849 343537 958333 156772 249631 307265 843407 658256 388099 677976 727331 42728 673845 690289 715810 916014 66357 763760 188582 205974 849625 986088 578261 262278 403804 547653 436247 567853
351401 892534 356326 841961 237161 828958 973295 249442 38316 341662 559376 533555 111311 255275 301774 261925 917191 445632 931624 576654 612261 207707 654490 202623 624173 725337 488308 466602 284102 810872
402829 383636 255011 870144 753151 50896 323654 95097 61 122182 846483 191196 85963 81488 462029 430521 275467 3287 462200 72624 437523 885955 979136 551986 238718 654832 960501 354495 983741 796237
13755 386846 819379 427362 935569 273910 49665 214576 829950 164567 268187 178792 1813 569973 597486 818289 58286 96267 266648 336163 690557 979714 669101 520622 919718 496005 678606 431471 219969 410124
501766 667481 428758 928615 413041 924380 331 683643 476957 469607 653396 194978 169713 630850 306346 348774 299164 468617 787519 201002 618751 529007 862338 521956 589902 341562 128646 758266 699309 206730
572356 824074 48270 412520 82999 952228 359040 111940 943945 426826 976110 895670 154083 358859 247029 35553 503492 563761 54544 750238 383248 869971 902570 951250 859278 25802 962673 322871 936795 181277
644415 175798 58416 531088 782357 479151 586543 785442 967455 520877 270664 903891 560513 585070 199034 20467 756795 644998 411663 245024 491758 922598 57515 916170 547182 880637 303550 64400 11601 938155
127239 656413 728397 394505 936181 940292 695048 837287 115755 287964 54842 990217 434067 809851 84026 703858 314263 52316 467460 153882 808259 379740 254848 732584 588674 509087 628222 552434 817898 81202
489742 802712 748352 285920 971141 15576 705166 946541 986292 748640 825589 3535 963520 949738 320503 27797 325595 313258 706040 163625 930719 717230 854792 898742 374464 815502 232669 726464 185335 456672
365156 360163 960960 593798 169940 664087 628151 812124 173717 86586 137283 913398 516893 627799 346914 656967 458976 505711 16200 895742 381301 45098 827616 366926 751707 602336 201199 633628 686914 327872
277641 297747 765062 656569 476148 502041 581647 286580 174453 975549 139783 511195 787833 257843 714617 875717 149486 174417 593328 862470 348953 692719 195778 19448 504450 429216 712719 571597 284543 343892
920759 821730 259623 909313 457452 277632 761608 924673 132925 179850 570928 349295 609443 360420 792733 566168 835613 339336 177199 723252 229422 113204 335325 341237 624364 805612 710452 948493 177588 576157
693384 754853 174268 719099 357329 778718 464334 14154 696551 507563 951831 279113 368775 991071 66039 491710 599243 95488 619483 121164 788438 69127 646544 757040 537431 76093 395211 528013 535767 970456
365031 710374 234734 648216 345055 225583 174838 909029 669094 935935 785404 685646 375805 656208 1578 476877 842698 368101 228069 568564 192998 741326 819284 645059 224774 162014 208644 227832 71282 74148
699749 705039 781951 280480 268878 718957 342210 674974 321597 933283 871211 358872 648008 501456 947074 17011 117739 664252 130177 161772 446175 259313 723153 772701 415403 821014 831445 998559 498191 277337
