30 30
718503 718503 718503 718503 718503 718503 718503 718503 718503 718503 718503 718503 718503 718503 718503 718503 718503 718503 718503 718503 718503 718503 718503 718503 718503 718503 718503 718503 718503 718503
718503 718503 718503 718503 718503 718503 718503 718503 718503 718503 718503 718503 718503 718503 718503 718503 718503 718503 718503 718503 718503 718503 718503 718503 718503 718503 718503 718503 718503 718503
718503 718503 718503 718503 718503 718503 718503 718503 718503 718503 718503 718503 718503 718503 718503 718503 718503 718503 718503 718503 718503 718503 718503 718503 718503 718503 718503 718503 718503 718503
718503 718503 718503 718503 718503 718503 718503 718503 718503 718503 718503 718503 718503 718503 718503 718503 718503 718503 718503 718503 718503 718503 718503 718503 718503 718503 718503 718503 718503 718503
718503 718503 718503 718503 718503 718503 718503 718503 718503 718503 718503 718503 718503 718503 718503 718503 718503 718503 718503 718503 718503 718503 718503 718503 718503 718503 718503 718503 718503 718503
718503 718503 718503 718503 718503 718503 718503 718503 718503 718503 718503 718503 718503 718503 718503 718503 718503 718503 718503 718503 718503 718503 718503 718503 718503 718503 718503 718503 718503 718503
718503 718503 718503 718503 718503 718503 718503 718503 718503 718503 718503 718503 718503 718503 718503 718503 718503 718503 718503 718503 718503 718503 718503 718503 718503 718503 718503 718503 718503 718503
718503 718503 718503 718503 718503 718503 718503 718503 718503 718503 718503 718503 718503 718503 718503 718503 718503 718503 718503 718503 718503 718503 718503 718503 718503 718503 718503 718503 718503 718503
718503 718503 718503 718503 718503 718503 718503 718503 718503 718503 718503 718503 718503 718503 718503 718503 718503 718503 718503 718503 718503 718503 718503 718503 718503 718503 718503 718503 718503 718503
718503 718503 718503 718503 718503 718503 718503 718503 718503 718503 718503 718503 718503 718503 718503 718503 718503 718503 718503 718503 718503 718503 718503 718503 718503 718503 718503 718503 718503 718503
718503 718503 718503 718503 718503 718503 718503 718503 718503 718503 718503 718503 718503 718503 718503 718503 718503 718503 718503 718503 718503 718503 718503 718503 718503 718503 718503 718503 718503 718503
718503 718503 718503 718503 718503 718503 718503 718503 718503 718503 718503 718503 718503 718503 718503 718503 718503 718503 718503 718503 718503 718503 718503 718503 718503 718503 718503 718503 718503 718503
718503 718503 718503 718503 718503 718503 718503 718503 718503 718503 718503 718503 718503 718503 718503 718503 718503 718503 718503 718503 718503 718503 718503 718503 718503 718503 718503 718503 718503 718503
718503 718503 718503 718503 718503 718503 718503 718503 718503 718503 718503 718503 718503 718503 718503 718503 718503 718503 718503 718503 718503 718503 718503 718503 718503 718503 718503 718503 718503 718503
718503 718503 718503 718503 718503 718503 718503 718503 718503 718503 718503 718503 718503 718503 718503 718503 718503 718503 718503 718503 718503 718503 718503 718503 718503 718503 718503 718503 718503 718503
718503 718503 718503 718503 718503 718503 718503 718503 718503 718503 718503 718503 718503 718503 718503 718503 718503 718503 718503 718503 718503 718503 718503 718503 718503 718503 718503 718503 718503 718503
718503 718503 718503 718503 718503 718503 718503 718503 718503 718503 718503 718503 718503 718503 718503 718503 718503 718503 718503 718503 718503 718503 718503 718503 718503 718503 718503 718503 718503 718503
718503 718503 718503 718503 718503 718503 718503 718503 718503 718503 718503 718503 718503 718503 718503 718503 718503 718503 718503 718503 718503 718503 718503 718503 718503 718503 718503 718503 718503 718503
718503 718503 718503 718503 718503 718503 718503 718503 718503 718503 718503 718503 718503 718503 718503 718503 718503 718503 718503 718503 718503 718503 718503 718503 718503 718503 718503 718503 718503 718503
718503 718503 718503 718503 718503 718503 718503 718503 718503 718503 718503 718503 718503 718503 718503 718503 718503 718503 718503 718503 718503 718503 718503 718503 718503 718503 718503 718503 718503 718503
718503 718503 718503 718503 718503 718503 718503 718503 718503 718503 718503 718503 718503 718503 718503 718503 718503 718503 718503 718503 718503 718503 718503 718503 718503 718503 718503 718503 718503 718503
718503 718503 718503 718503 718503 718503 718503 718503 718503 718503 718503 718503 718503 718503 718503 718503 718503 718503 718503 718503 718503 718503 718503 718503 718503 718503 718503 718503 718503 718503
718503 718503 718503 718503 718503 718503 718503 718503 718503 718503 718503 718503 718503 718503 718503 718503 718503 718503 718503 718503 718503 718503 718503 718503 718503 718503 718503 718503 718503 718503
718503 718503 718503 718503 718503 718503 718503 718503 718503 718503 718503 718503 718503 718503 718503 718503 718503 718503 718503 718503 718503 718503 718503 718503 718503 718503 718503 718503 718503 718503
718503 718503 718503 718503 718503 718503 718503 718503 718503 718503 718503 718503 718503 718503 718503 718503 718503 718503 718503 718503 718503 718503 718503 718503 718503 718503 718503 718503 718503 718503
718503 718503 718503 718503 718503 718503 718503 718503 718503 718503 718503 718503 718503 718503 718503 718503 718503 718503 718503 718503 718503 718503 718503 718503 718503 718503 718503 718503 718503 718503
718503 718503 718503 718503 718503 718503 718503 718503 718503 718503 718503 718503 718503 718503 718503 718503 718503 718503 718503 718503 718503 718503 718503 718503 718503 718503 718503 718503 718503 718503
718503 718503 718503 718503 718503 718503 718503 718503 718503 718503 718503 718503 718503 718503 718503 718503 718503 718503 718503 718503 718503 718503 718503 718503 718503 718503 718503 718503 718503 718503
718503 718503 718503 718503 718503 718503 718503 718503 718503 718503 718503 718503 718503 718503 718503 718503 718503 718503 718503 718503 718503 718503 718503 718503 718503 718503 718503 718503 718503 718503
718503 718503 718503 718503 718503 718503 718503 718503 718503 718503 718503 718503 718503 718503 718503 718503 718503 718503 718503 718503 718503 718503 718503 718503 718503 718503 718503 718503 718503 718503
