30 30
300525 300525 300525 300525 300525 300525 300525 300525 300525 300525 300525 300525 300525 300525 300525 300525 300525 300525 300525 300525 300525 300525 300525 300525 300525 300525 300525 300525 300525 300525
300525 300525 300525 300525 300525 300525 300525 300525 300525 300525 300525 300525 300525 300525 300525 300525 300525 300525 300525 300525 300525 300525 300525 300525 300525 300525 300525 300525 300525 300525
300525 300525 300525 300525 300525 300525 300525 300525 300525 300525 300525 300525 300525 300525 300525 300525 300525 300525 300525 300525 300525 300525 300525 300525 300525 300525 300525 300525 300525 300525
300525 300525 300525 300525 300525 300525 300525 300525 300525 300525 300525 300525 300525 300525 300525 300525 300525 300525 300525 300525 300525 300525 300525 300525 300525 300525 300525 300525 300525 300525
300525 300525 300525 300525 300525 300525 300525 300525 300525 300525 300525 300525 300525 300525 300525 300525 300525 300525 300525 300525 300525 300525 300525 300525 300525 300525 300525 300525 300525 300525
300525 300525 300525 300525 300525 300525 300525 300525 300525 300525 300525 300525 300525 300525 300525 300525 300525 300525 300525 300525 300525 300525 300525 300525 300525 300525 300525 300525 300525 300525
300525 300525 300525 300525 300525 300525 300525 300525 300525 300525 300525 300525 300525 300525 300525 300525 300525 300525 300525 300525 300525 300525 300525 300525 300525 300525 300525 300525 300525 300525
300525 300525 300525 300525 300525 300525 300525 300525 300525 300525 300525 300525 300525 300525 300525 300525 300525 300525 300525 300525 300525 300525 300525 300525 300525 300525 300525 300525 300525 300525
300525 300525 300525 300525 300525 300525 300525 300525 300525 300525 300525 300525 300525 300525 300525 300525 300525 300525 300525 300525 300525 300525 300525 300525 300525 300525 300525 300525 300525 300525
300525 300525 300525 300525 300525 300525 300525 300525 300525 300525 300525 300525 300525 300525 300525 300525 300525 300525 300525 300525 300525 300525 300525 300525 300525 300525 300525 300525 300525 300525
300525 300525 300525 300525 300525 300525 300525 300525 300525 300525 300525 300525 300525 300525 300525 300525 300525 300525 300525 300525 300525 300525 300525 300525 300525 300525 300525 300525 300525 300525
300525 300525 300525 300525 300525 300525 300525 300525 300525 300525 300525 300525 300525 300525 300525 300525 300525 300525 300525 300525 300525 300525 300525 300525 300525 300525 300525 300525 300525 300525
300525 300525 300525 300525 300525 300525 300525 300525 300525 300525 300525 300525 300525 300525 300525 300525 300525 300525 300525 300525 300525 300525 300525 300525 300525 300525 300525 300525 300525 300525
300525 300525 300525 300525 300525 300525 300525 300525 300525 300525 300525 300525 300525 300525 300525 300525 300525 300525 300525 300525 300525 300525 300525 300525 300525 300525 300525 300525 300525 300525
300525 300525 300525 300525 300525 300525 300525 300525 300525 300525 300525 300525 300525 300525 300525 300525 300525 300525 300525 300525 300525 300525 300525 300525 300525 300525 300525 300525 300525 300525
300525 300525 300525 300525 300525 300525 300525 300525 300525 300525 300525 300525 300525 300525 300525 300525 300525 300525 300525 300525 300525 300525 300525 300525 300525 300525 300525 300525 300525 300525
300525 300525 300525 300525 300525 300525 300525 300525 300525 300525 300525 300525 300525 300525 300525 300525 300525 300525 300525 300525 300525 300525 300525 300525 300525 300525 300525 300525 300525 300525
300525 300525 300525 300525 300525 300525 300525 300525 300525 300525 300525 300525 300525 300525 300525 300525 300525 300525 300525 300525 300525 300525 300525 300525 300525 300525 300525 300525 300525 300525
300525 300525 300525 300525 300525 300525 300525 300525 300525 300525 300525 300525 300525 300525 300525 300525 300525 300525 300525 300525 300525 300525 300525 300525 300525 300525 300525 300525 300525 300525
300525 300525 300525 300525 300525 300525 300525 300525 300525 300525 300525 300525 300525 300525 300525 300525 300525 300525 300525 300525 300525 300525 300525 300525 300525 300525 300525 300525 300525 300525
300525 300525 300525 300525 300525 300525 300525 300525 300525 300525 300525 300525 300525 300525 300525 300525 300525 300525 300525 300525 300525 300525 300525 300525 300525 300525 300525 300525 300525 300525
300525 300525 300525 300525 300525 300525 300525 300525 300525 300525 300525 300525 300525 300525 300525 300525 300525 300525 300525 300525 300525 300525 300525 300525 300525 300525 300525 300525 300525 300525
300525 300525 300525 300525 300525 300525 300525 300525 300525 300525 300525 300525 300525 300525 300525 300525 300525 300525 300525 300525 300525 300525 300525 300525 300525 300525 300525 300525 300525 300525
300525 300525 300525 300525 300525 300525 300525 300525 300525 300525 300525 300525 300525 300525 300525 300525 300525 300525 300525 300525 300525 300525 300525 300525 300525 300525 300525 300525 300525 300525
300525 300525 300525 300525 300525 300525 300525 300525 300525 300525 300525 300525 300525 300525 300525 300525 300525 300525 300525 300525 300525 300525 300525 300525 300525 300525 300525 300525 300525 300525
300525 300525 300525 300525 300525 300525 300525 300525 300525 300525 300525 300525 300525 300525 300525 300525 300525 300525 300525 300525 300525 300525 300525 300525 300525 300525 300525 300525 300525 300525
300525 300525 300525 300525 300525 300525 300525 300525 300525 300525 300525 300525 300525 300525 300525 300525 300525 300525 300525 300525 300525 300525 300525 300525 300525 300525 300525 300525 300525 300525
300525 300525 300525 300525 300525 300525 300525 300525 300525 300525 300525 300525 300525 300525 300525 300525 300525 300525 300525 300525 300525 300525 300525 300525 300525 300525 300525 300525 300525 300525
300525 300525 300525 300525 300525 300525 300525 300525 300525 300525 300525 300525 300525 300525 300525 300525 300525 300525 300525 300525 300525 300525 300525 300525 300525 300525 300525 300525 300525 300525
300525 300525 300525 300525 300525 300525 300525 300525 300525 300525 300525 300525 300525 300525 300525 300525 300525 300525 300525 300525 300525 300525 300525 300525 300525 300525 300525 300525 300525 300525
