30 30
7000 7984 8454 8256 7528 6586 5811 5534 5921 6862 8019 9419 10000 10000 10000 10000 9974 8522 7277 6184 5183 4484 4273 4596 5316 6150 6770 6993 7000 7000
7000 7983 8447 8236 7490 6528 5734 5443 5823 6763 7911 9248 10000 10000 10000 10000 8875 7347 6092 5010 4021 3329 3121 3440 4153 4977 5590 5811 5824 5917
7000 7978 8412 8139 7306 6247 5364 5008 5354 6286 7423 8681 9787 10000 10000 8961 7408 5860 4652 3638 2711 2064 1868 2167 2835 3607 4181 4388 4409 4614
7000 7969 8354 7979 7002 5783 4753 4288 4578 5498 6621 7793 8729 9059 8582 7379 5802 4321 3239 2366 1569 1012 844 1101 1675 2339 2833 3011 3039 3353
7000 7960 8295 7816 6693 5310 4130 3555 3789 4697 5806 6896 7684 7852 7260 6031 4529 3201 2313 1639 1024 595 465 664 1107 1618 1999 2137 2169 2551
7000 7955 8258 7715 6501 5016 3743 3100 3298 4198 5297 6324 7011 7091 6476 5319 3976 2863 2201 1750 1339 1052 965 1098 1394 1736 1991 2082 2113 2500
7000 7955 8258 7716 6502 5019 3747 3104 3303 4203 5295 6286 6924 6989 6429 5409 4268 3380 2934 2687 2463 2307 2260 2332 2493 2680 2818 2868 2893 3219
7000 7961 8297 7823 6707 5332 4159 3589 3825 4734 5823 6799 7430 7526 7055 6181 5221 4518 4235 4138 4052 3992 3973 4001 4063 4135 4189 4208 4225 4445
7000 7971 8365 8009 7059 5870 4868 4424 4725 5647 6735 7710 8351 8482 8079 7302 6451 5852 5655 5637 5621 5610 5607 5612 5623 5636 5646 5649 5657 5763
7000 7983 8444 8228 7474 6505 5704 5408 5785 6724 7812 8788 9433 9576 9192 8439 7615 7041 6863 6861 6861 6861 6861 6861 6861 6861 6861 6861 6862 6873
7068 8054 8572 8484 7916 7157 6553 6403 6856 7812 8902 9884 10000 10000 10000 9600 8783 8207 8023 8011 7995 7968 7937 7907 7885 7873 7872 7879 7881 7814
7493 8427 8927 8878 8406 7784 7325 7295 7816 8788 9884 10000 10000 10000 10000 10000 10000 9672 9438 9361 9229 9029 8795 8578 8423 8349 8353 8406 8463 8375
8256 9057 9435 9299 8797 8205 7819 7870 8447 9434 10000 10000 10000 10000 10000 10000 10000 10000 10000 10000 10000 9742 9120 8562 8180 8025 8071 8240 8425 8410
9075 9676 9844 9516 8878 8226 7852 7954 8576 9576 10000 10000 10000 10000 10000 10000 10000 10000 10000 10000 10000 9784 8696 7759 7163 6978 7138 7490 7868 8023
9626 9997 9914 9345 8521 7769 7378 7516 8179 9192 10000 10000 10000 10000 10000 10000 10000 10000 10000 10000 10000 9025 7537 6320 5629 5528 5888 6470 7073 7466
9689 9844 9530 8742 7755 6921 6527 6707 7413 8439 9600 10000 10000 10000 10000 10000 10000 10000 10000 10000 9302 7614 5905 4609 4006 4123 4750 5574 6391 7039
9220 9213 8740 7821 6759 5917 5570 5818 6575 7616 8783 10000 10000 10000 10000 10000 10000 10000 10000 9178 7734 5944 4245 3099 2765 3204 4125 5158 6141 7002
8343 8254 7724 6797 5785 5040 4811 5165 5985 7041 8207 9672 10000 10000 10000 10000 10000 9989 8794 7666 6195 4490 3009 2196 2250 3054 4245 5426 6501 7488
7275 7174 6680 5857 5005 4450 4404 4897 5791 6864 8023 9438 10000 10000 10000 10000 10000 8794 7555 6414 5015 3521 2385 1997 2479 3634 5042 6306 7406 8428
6184 6090 5665 4989 4347 4029 4198 4849 5821 6907 8051 9396 10000 10000 10000 10000 9219 7710 6459 5339 4051 2810 2051 2100 3000 4480 6075 7395 8495 9514
5183 5058 4697 4208 3851 3857 4320 5171 6224 7286 8363 9547 10000 10000 10000 9638 8113 6604 5432 4424 3324 2375 1978 2401 3624 5331 7043 8395 9494 10000
4484 4264 3939 3658 3645 4048 4866 5946 7056 8034 8962 9862 10000 10000 9791 8504 6970 5611 4671 3916 3107 2474 2365 2998 4330 6061 7756 9094 10000 10000
4273 3895 3555 3443 3745 4522 5668 6938 8055 8888 9598 10000 10000 9765 8734 7355 5972 4930 4365 3987 3542 3196 3232 3838 5005 6515 8034 9307 10000 10000
4596 4022 3605 3569 4068 5091 6446 7810 8869 9516 9977 10000 9759 8879 7647 6342 5274 4680 4577 4637 4565 4428 4438 4784 5534 6609 7822 8987 10000 10000
5316 4545 3999 3925 4459 5545 6940 8278 9220 9675 9901 9723 9008 7886 6634 5563 4924 4830 5189 5668 5919 5892 5737 5666 5855 6385 7230 8270 9335 10000
6150 5214 4519 4315 4733 5711 6992 8202 8997 9289 9338 8951 8055 6881 5771 5033 4842 5201 5938 6742 7219 7216 6840 6334 5979 6003 6512 7440 8499 9147
6770 5731 4904 4529 4745 5509 6585 7619 8277 8464 8416 7948 7038 5966 5090 4684 4860 5539 6509 7499 8094 8074 7522 6710 5986 5675 5966 6822 7879 8532
6993 5915 4995 4460 4462 4990 5848 6713 7270 7413 7342 6895 6083 5191 4555 4411 4818 5661 6718 7763 8391 8357 7740 6820 5971 5547 5766 6599 7658 8344
7026 5938 4951 4274 4074 4373 5019 5726 6199 6320 6254 5865 5188 4494 4085 4154 4722 5649 6725 7766 8388 8349 7727 6802 5949 5522 5738 6567 7626 8353
7347 6291 5276 4479 4069 4096 4459 4929 5250 5303 5207 4869 4350 3896 3754 4053 4764 5727 6747 7702 8245 8144 7482 6541 5688 5262 5465 6262 7282 8022
