30 30
7000 8445 6682 5591 7761 10000 10000 8333 5573 4275 5726 6989 7000 7000 7000 6998 5914 4308 5356 7966 9706 8651 7072 6686 4831 4521 6754 9934 10000 9613
7000 8333 6167 4734 6843 9510 8676 4963 2493 1356 2627 3734 4225 6849 9622 10000 8667 5346 4812 6938 8294 6807 4844 4299 3592 4638 6814 9439 10000 10000
7000 8119 5185 3100 5100 7139 5758 2735 1434 874 1500 2045 2781 6771 10000 10000 10000 6139 3944 4826 6554 6852 5263 3881 4345 6364 7032 6985 7600 7505
7000 8217 5633 3845 5883 7793 6831 4921 4640 4569 4648 4717 5055 6894 8838 9281 8590 6605 5221 5285 7227 8845 7472 5307 6119 8113 7217 4941 4222 5289
7032 8555 7102 6280 8457 10000 9595 7896 7753 7722 7695 7694 7595 7010 6383 6238 6458 7122 7635 7765 9162 9874 7968 5681 6479 8381 7242 4885 4961 7122
8462 9533 8308 8085 10000 10000 10000 10000 10000 9065 7883 8086 8252 6226 3561 2882 3455 5540 7627 8439 9401 9182 7564 6261 6708 7773 7135 6013 7226 10000
9728 9419 7283 7168 9595 10000 10000 10000 10000 6383 4428 5762 7254 6139 3308 2436 2241 2803 4816 6759 7572 6843 6657 7528 7208 6445 6902 7806 8575 10000
8201 7199 4994 5350 7896 10000 10000 9630 6659 2848 2582 5441 7912 8316 6416 5665 4638 3176 4300 6820 7273 5722 6122 8287 7507 5650 6762 8541 7556 6792
5573 4834 3878 5312 7947 10000 10000 6868 4076 1955 4104 7925 10000 10000 8915 8219 7282 5903 7027 9496 9187 6241 5928 8082 7298 5431 6549 8080 5940 4048
4275 3460 4440 7388 9480 10000 7761 4810 3750 3280 5727 9226 10000 10000 7892 7799 8468 9153 10000 10000 10000 6055 4457 5864 5336 4078 4831 5692 3500 1514
5726 4122 5541 8671 9682 8303 5516 5055 6472 6300 6016 7789 9645 7606 4888 5891 8297 10000 10000 10000 9377 5899 4304 4667 4517 4160 4374 4570 3735 2969
6989 4702 4956 7022 7454 5921 4418 5798 8201 7707 5697 6532 8429 6887 5104 6764 9144 9285 7774 7491 7243 6767 6518 6513 6512 6510 6511 6512 6506 6500
7577 5144 4143 4841 4893 3976 3927 5935 8004 7264 5226 5980 7920 7586 7256 9274 10000 8512 5315 5061 5952 7468 8360 8553 8493 8352 8436 8727 9125 9182
9443 8027 6649 5371 4108 3681 5232 6843 6894 5237 3721 4304 5411 5829 7247 9792 10000 7310 4173 4896 5644 5911 6658 7740 7357 6444 6990 8743 10000 10000
9202 9427 9684 8047 5635 5207 7321 7837 5775 3855 3931 4743 4635 4003 5318 7976 9007 6574 5151 7066 7028 4771 4728 6731 6005 4277 5312 8395 10000 9931
6757 7692 9527 8831 6303 5806 7895 8071 5581 4360 5924 7232 6647 4682 4819 7240 8390 6477 5669 7895 8119 6125 6344 8570 7766 5852 6999 10000 10000 9629
4523 5096 7401 8078 6525 6637 8797 8994 6944 6563 8534 9541 8413 5318 4283 6119 6926 5060 4537 6859 8403 8324 8848 10000 9926 9050 10000 10000 10000 8472
4829 3452 4048 6197 7186 8763 10000 10000 9256 9689 10000 9466 7342 4342 3477 4400 4181 2456 2786 5329 8651 10000 9423 8780 8763 10000 10000 10000 9848 5879
6685 3625 2202 4857 7680 9874 9947 8786 8760 10000 9996 7785 5193 3833 4755 5364 4365 2746 3724 6404 10000 10000 8267 5848 5379 7606 8947 8720 7266 5722
7071 3834 2140 4792 7797 9513 8229 6251 6334 8363 9313 7407 5009 4932 7159 7963 6878 5300 6346 8982 10000 10000 8119 5388 3960 5086 6030 6239 7080 7877
8649 6004 4301 6480 9368 10000 8591 6115 6030 6703 6699 5585 4847 6839 9502 9642 8541 7849 8835 10000 10000 10000 9662 6762 3709 3231 4229 5360 7956 10000
9706 8188 6469 7747 10000 10000 10000 8211 7859 5803 3759 4063 6015 9400 10000 8472 7339 8335 9206 8269 9279 10000 10000 7668 3726 3098 5165 7016 8410 9836
7969 7045 5317 6120 8698 10000 9752 8029 7642 5281 3840 5552 8679 10000 9879 6832 5682 7567 8377 6200 6292 8816 8860 5977 2723 3542 6682 8491 7405 6515
5358 4437 2915 3862 6372 8144 7101 5226 4868 4136 5184 7854 10000 10000 9590 6463 5537 7654 8580 6434 5706 6651 5926 3214 920 2909 6439 8110 6244 4445
4307 3111 3029 5057 6920 7708 5623 2749 1591 1700 4444 7214 8702 8359 6044 4777 5599 8648 9941 8563 6692 4617 2745 920 0 1271 4584 7024 7556 6471
5912 4090 4956 7603 8513 8936 7516 4545 2248 1566 3729 5522 5441 3790 3215 4690 7163 9476 9760 9292 7744 5171 3620 2909 1271 1708 4275 7605 10000 10000
6998 4678 4822 6794 7275 8597 9629 7961 5326 4029 5481 6745 6178 4312 4552 6996 9305 9225 7542 7241 7117 6881 6756 6439 4584 4275 6508 9735 10000 9820
7733 5335 4229 4743 4772 6860 10000 10000 8747 7235 7714 8460 7946 6260 6478 8685 10000 7990 4676 4025 5489 8507 9974 9494 7641 7210 9002 10000 10000 6750
9549 8282 6981 5581 4198 4753 8675 10000 10000 10000 7903 6901 6619 5728 5843 7011 7894 6340 3200 1617 4051 9943 10000 10000 9699 9380 9455 8974 6665 3502
9034 9374 9815 8239 5729 3425 4631 8419 10000 10000 7387 5557 5501 5363 5381 5563 6555 7488 5975 3600 4767 9227 10000 8283 8181 8995 7787 5449 4018 4281
