30 30
7000 7529 7979 8296 8452 8439 8267 7960 7554 7091 6620 6186 5836 5609 5532 5623 5880 6284 6791 7337 7926 8586 9301 10000 10000 10000 10000 10000 10000 10000
7000 7529 7979 8296 8451 8437 8264 7956 7548 7084 6611 6177 5826 5597 5519 5609 5866 6270 6777 7323 7909 8559 9257 9958 10000 10000 10000 10000 10000 10000
7000 7528 7978 8293 8445 8427 8247 7932 7517 7045 6563 6121 5762 5527 5444 5530 5785 6188 6694 7240 7823 8462 9140 9812 10000 10000 10000 10000 10000 10000
7000 7528 7976 8287 8432 8403 8211 7880 7447 6957 6456 5996 5621 5371 5277 5355 5605 6005 6510 7056 7635 8263 8919 9559 10000 10000 10000 10000 10000 10000
7000 7528 7973 8277 8411 8367 8154 7799 7339 6819 6290 5802 5401 5130 5018 5083 5325 5720 6225 6770 7345 7960 8592 9197 9721 10000 10000 10000 10000 9720
7000 7527 7969 8265 8385 8320 8081 7694 7200 6644 6077 5553 5120 4820 4686 4734 4965 5356 5859 6404 6973 7574 8181 8750 9229 9568 9729 9684 9429 8975
7000 7527 7964 8251 8355 8267 7998 7577 7043 6445 5837 5272 4802 4471 4311 4340 4559 4944 5446 5991 6555 7142 7723 8256 8690 8980 9090 8997 8700 8213
7000 7526 7960 8237 8325 8213 7915 7458 6884 6244 5594 4988 4481 4117 3931 3941 4148 4528 5028 5572 6132 6704 7261 7759 8152 8398 8463 8330 8001 7492
7000 7525 7955 8224 8297 8164 7838 7349 6739 6061 5371 4729 4187 3794 3584 3577 3773 4147 4646 5190 5745 6304 6838 7306 7662 7870 7899 7737 7386 6868
7000 7525 7952 8214 8275 8125 7777 7262 6622 5913 5193 4520 3951 3534 3305 3285 3472 3841 4339 4882 5433 5981 6495 6936 7263 7440 7443 7262 6902 6387
7000 7525 7950 8207 8260 8099 7737 7204 6546 5816 5075 4383 3796 3363 3122 3092 3273 3640 4137 4680 5228 5765 6263 6683 6987 7143 7130 6941 6584 6083
7000 7525 7949 8205 8255 8089 7722 7182 6517 5780 5031 4331 3737 3299 3053 3020 3199 3564 4061 4604 5148 5678 6163 6567 6856 6999 6980 6793 6449 5971
7000 7525 7950 8207 8259 8097 7733 7199 6539 5808 5065 4371 3783 3349 3106 3076 3257 3623 4120 4663 5205 5729 6205 6599 6879 7018 7000 6823 6499 6050
7000 7525 7952 8213 8273 8122 7772 7254 6612 5901 5177 4502 3930 3511 3281 3259 3446 3815 4312 4855 5396 5916 6386 6775 7051 7192 7182 7020 6719 6303
7000 7525 7955 8224 8296 8162 7834 7343 6731 6051 5359 4714 4171 3776 3565 3557 3752 4126 4625 5167 5707 6225 6692 7079 7356 7502 7502 7358 7081 6696
7000 7526 7960 8237 8325 8214 7916 7460 6887 6248 5598 4993 4486 4123 3937 3948 4156 4535 5035 5578 6117 6633 7100 7488 7768 7920 7931 7804 7548 7189
7000 7527 7965 8253 8360 8276 8012 7597 7070 6479 5878 5320 4856 4530 4375 4408 4628 5014 5516 6059 6598 7114 7582 7970 8254 8411 8432 8317 8077 7737
7000 7527 7971 8271 8398 8343 8117 7746 7269 6731 6183 5676 5259 4973 4850 4907 5143 5536 6040 6583 7122 7638 8106 8495 8781 8942 8969 8860 8630 8299
7000 7528 7976 8289 8437 8412 8225 7900 7474 6990 6498 6044 5675 5431 5342 5423 5674 6075 6581 7124 7663 8179 8647 9037 9324 9486 9514 9408 9180 8852
7003 7532 7985 8310 8479 8484 8335 8056 7682 7253 6815 6414 6094 5892 5836 5941 6208 6617 7125 7668 8207 8723 9191 9582 9868 10000 10000 9954 9726 9400
7053 7581 8035 8368 8553 8584 8469 8231 7903 7523 7137 6786 6511 6349 6326 6455 6738 7154 7664 8207 8746 9264 9735 10000 10000 10000 10000 10000 10000 9986
7197 7715 8164 8497 8689 8734 8642 8434 8141 7803 7458 7150 6916 6790 6796 6948 7245 7668 8180 8723 9264 9787 10000 10000 10000 10000 10000 10000 10000 10000
7444 7945 8379 8701 8887 8933 8849 8656 8385 8074 7760 7485 7284 7188 7221 7393 7704 8134 8648 9191 9735 10000 10000 10000 10000 10000 10000 10000 10000 10000
7783 8257 8665 8963 9130 9162 9069 8875 8611 8312 8017 7764 7588 7517 7572 7762 8085 8522 9038 9582 10000 10000 10000 10000 10000 10000 10000 10000 10000 10000
8182 8621 8993 9256 9389 9391 9274 9063 8790 8490 8201 7961 7801 7749 7823 8029 8363 8807 9324 9868 10000 10000 10000 10000 10000 10000 10000 10000 10000 10000
8603 8998 9325 9542 9629 9589 9434 9192 8896 8583 8289 8052 7903 7864 7953 8173 8518 8967 9487 10000 10000 10000 10000 10000 10000 10000 10000 10000 10000 10000
9004 9348 9623 9785 9818 9724 9521 9237 8908 8571 8265 8024 7879 7850 7951 8184 8539 8994 9515 10000 10000 10000 10000 10000 10000 10000 10000 10000 10000 10000
9344 9634 9852 9954 9926 9772 9514 9181 8811 8445 8120 7871 7726 7705 7817 8061 8425 8886 9409 9954 10000 10000 10000 10000 10000 10000 10000 10000 10000 10000
9590 9824 9982 10000 9932 9716 9399 9014 8602 8204 7859 7600 7454 7439 7561 7816 8190 8656 9180 9726 10000 10000 10000 10000 10000 10000 10000 10000 10000 10000
9716 9895 9997 9977 9824 9548 9174 8740 8287 7859 7494 7227 7081 7073 7206 7472 7855 8327 8853 9400 9986 10000 10000 10000 10000 10000 10000 10000 10000 10000
