100 100
70 79 84 82 75 66 58 55 58 66 77 91 100 100 100 100 100 89 76 65 55 46 42 44 49 57 65 69 70 70 70 70 70 70 70 70 70 70 69 65 58 50 44 42 46 54 65 75 85 93 97 95 89 81 74 70 69 68 62 54 47 43 43 49 58 69 80 94 100 100 100 100 100 86 73 62 52 45 42 45 51 59 66 69 70 72 78 86 93 97 95 89 79 69 57 43 29 21 20 28
70 79 84 82 75 66 58 54 57 65 76 89 100 100 100 100 93 78 64 54 43 35 31 32 38 46 53 57 58 58 60 63 67 72 76 79 81 81 80 76 67 57 49 45 47 54 64 74 84 91 93 89 81 72 64 59 59 57 53 46 41 39 42 49 58 69 80 94 100 100 100 100 100 95 83 72 62 55 53 55 62 70 77 80 80 82 87 93 98 99 96 88 78 68 56 43 32 26 27 37
70 79 84 81 73 63 54 50 52 61 72 84 96 100 100 93 79 63 50 40 30 23 19 20 25 33 40 43 44 45 48 55 64 74 84 91 94 95 94 89 79 66 54 47 46 51 59 69 79 85 86 82 74 64 55 51 49 48 44 39 36 37 42 50 60 69 79 92 100 100 100 100 100 99 87 77 69 63 62 65 73 81 87 90 89 90 92 95 97 95 90 82 73 63 54 43 35 33 38 50
70 79 83 80 71 59 48 43 45 53 64 76 86 91 88 78 63 48 36 27 18 12 9 9 14 21 26 30 30 31 37 47 61 77 91 100 100 100 100 100 90 75 60 49 44 46 52 61 69 76 78 75 69 59 51 45 43 40 37 35 35 39 46 54 62 69 76 87 98 100 100 100 100 95 85 77 70 67 68 74 82 90 96 97 95 93 92 90 87 83 77 70 63 56 49 43 40 43 52 66
70 79 83 78 68 54 42 36 37 45 56 67 76 79 75 64 50 36 26 18 12 7 4 5 9 14 18 21 21 23 29 42 59 79 96 100 100 100 100 100 99 82 64 50 42 41 45 52 59 66 70 71 67 60 52 46 41 38 35 35 38 44 52 60 66 69 73 78 85 92 95 95 91 85 78 71 67 67 72 80 89 96 100 99 95 91 85 78 72 65 59 55 51 48 46 45 47 55 66 81
70 79 82 77 66 51 38 31 32 40 51 61 69 71 67 57 43 31 23 18 14 10 8 9 11 15 18 20 20 21 28 41 59 79 97 100 100 100 100 100 100 85 67 52 42 39 41 46 52 59 66 70 69 65 58 51 45 40 37 39 44 52 61 67 70 70 68 69 71 73 76 76 75 72 68 63 62 65 73 83 92 98 100 96 90 83 73 62 52 45 41 41 42 43 45 49 57 67 79 92
70 79 82 77 65 51 38 31 31 40 50 60 68 70 65 56 45 35 29 26 23 21 20 21 22 24 26 27 27 28 34 45 61 78 93 100 100 100 100 100 97 84 69 55 45 41 42 44 49 57 66 73 76 74 68 60 52 45 42 45 52 61 70 74 74 70 64 60 57 56 57 59 61 61 59 57 58 64 74 85 93 97 96 90 82 72 59 45 34 28 28 31 37 43 49 57 67 78 88 97
70 79 82 78 67 54 41 35 36 44 55 65 72 74 71 63 53 45 41 39 38 37 37 37 38 39 39 40 40 41 45 52 63 75 86 94 98 99 99 96 89 80 69 59 51 47 47 48 52 60 70 79 84 83 78 69 60 52 49 52 59 69 77 80 77 70 61 53 47 45 45 48 52 55 55 54 57 65 76 86 93 95 91 83 73 62 47 32 22 18 21 29 39 48 57 67 78 87 93 97
70 79 83 80 70 58 48 43 44 53 63 73 81 83 80 73 65 58 54 54 54 54 53 53 54 54 54 54 54 54 57 61 66 72 78 82 84 85 85 83 80 75 69 63 59 56 56 56 59 67 77 86 91 90 85 76 65 56 53 56 64 74 81 83 79 70 60 50 43 40 41 46 52 56 58 58 61 69 80 89 94 93 87 78 67 55 40 25 16 15 22 33 46 57 67 78 87 92 94 92
70 79 84 82 74 64 56 52 55 63 74 84 91 94 91 84 76 69 67 66 66 66 66 66 66 66 66 66 66 66 67 68 69 70 71 72 73 73 73 72 72 71 69 68 67 67 66 67 69 76 85 92 96 94 87 78 67 58 55 58 66 75 82 84 80 70 59 50 43 41 44 51 59 64 66 67 70 77 86 93 96 93 86 76 66 53 38 26 18 20 29 42 56 67 78 87 94 96 93 86
70 80 85 84 78 71 64 62 65 74 85 95 100 100 100 95 87 81 78 77 77 77 77 77 77 77 77 77 77 77 76 74 71 68 65 63 62 62 62 62 64 67 70 72 75 76 77 77 79 85 92 98 99 95 88 78 67 58 55 58 66 75 82 84 80 70 60 51 45 45 51 59 69 75 77 78 81 87 93 98 99 94 86 76 65 53 39 28 23 26 37 52 66 78 88 96 100 98 91 81
73 83 88 88 83 77 72 71 75 84 95 100 100 100 100 100 100 95 91 91 90 88 87 85 84 83 83 83 83 83 81 77 71 63 57 52 49 48 48 50 54 59 66 72 78 81 83 84 86 91 97 100 100 95 87 77 67 59 56 59 66 74 81 83 79 70 60 53 49 52 59 70 80 88 91 91 94 98 100 100 99 92 82 72 62 51 39 30 27 32 44 59 73 84 94 100 100 98 89 76
80 88 93 92 87 81 77 77 82 91 100 100 100 100 100 100 100 100 100 100 100 98 93 88 84 82 81 82 84 85 83 77 68 57 47 39 35 34 34 36 41 48 57 66 74 80 83 84 87 92 96 98 96 91 83 75 68 62 59 61 67 73 78 80 77 70 63 57 56 60 69 81 92 100 100 100 100 100 100 100 95 84 73 64 56 48 39 32 32 37 48 62 74 84 93 99 100 96 86 75
88 95 97 95 89 83 79 79 84 94 100 100 100 100 100 100 100 100 100 100 100 100 92 83 76 73 73 75 78 81 80 74 65 52 40 30 25 23 23 25 29 35 44 54 64 71 76 80 84 88 91 91 88 84 78 73 69 65 64 65 68 72 74 75 73 70 66 64 65 70 79 90 100 100 100 100 100 100 100 100 86 72 60 53 49 44 40 36 37 42 51 61 71 78 85 91 92 90 84 75
95 99 99 94 87 79 75 76 82 91 100 100 100 100 100 100 100 100 100 100 100 98 84 71 62 59 60 64 70 74 76 72 63 51 38 27 21 20 20 20 22 26 33 42 51 60 66 72 77 81 83 82 79 75 71 70 70 70 70 70 70 69 69 69 69 69 70 71 73 78 85 94 100 100 100 100 100 100 100 94 76 60 49 44 44 44 44 43 44 47 52 58 64 69 75 79 82 83 81 77
97 99 96 89 80 72 67 68 75 84 95 100 100 100 100 100 100 100 100 100 100 86 70 55 46 43 47 54 61 68 72 71 65 55 43 32 26 24 24 23 22 22 25 31 39 48 57 64 71 74 75 73 69 66 64 66 71 74 76 74 71 67 64 63 65 69 74 77 80 82 86 91 97 100 100 100 100 100 100 86 66 50 41 40 44 48 51 53 54 54 55 55 58 60 64 68 72 75 78 79
94 94 90 81 71 62 58 60 66 76 87 100 100 100 100 100 100 100 100 99 87 71 53 38 31 31 38 47 56 65 72 74 71 63 53 43 37 36 35 33 29 25 24 26 33 41 51 60 67 71 70 66 62 59 59 64 71 78 80 78 72 65 60 59 62 69 76 82 84 84 83 83 86 92 100 100 100 100 96 78 59 45 38 41 48 56 62 65 66 63 59 56 54 55 57 60 65 70 75 79
86 85 80 71 61 53 50 52 59 69 81 95 100 100 100 100 100 100 95 85 72 55 38 26 22 26 35 47 57 68 76 80 80 74 65 57 51 50 49 46 40 33 29 28 33 41 51 62 69 72 70 64 59 55 56 62 72 80 83 80 73 64 58 56 60 69 78 84 85 82 77 73 73 77 86 95 100 98 87 72 56 45 42 47 57 66 74 78 78 73 66 60 57 56 57 59 63 67 73 77
76 75 70 61 52 46 44 48 56 67 78 91 100 100 100 100 100 95 82 71 59 43 29 21 20 28 40 54 65 75 84 90 90 85 78 70 64 63 62 59 51 43 38 36 40 48 58 69 77 79 75 67 60 55 55 62 72 81 84 81 73 64 57 55 59 69 79 84 84 78 70 63 61 64 72 83 89 88 81 70 58 51 50 57 67 77 86 90 89 84 76 68 64 63 64 64 66 68 71 73
65 64 60 53 46 41 42 47 56 66 77 91 100 100 100 100 99 85 72 61 48 35 24 19 23 35 50 64 75 86 95 100 100 96 88 81 75 74 73 69 62 54 48 47 51 59 69 80 87 88 82 73 63 56 56 62 72 81 84 81 73 64 57 55 59 69 79 84 82 74 64 55 51 53 61 72 79 80 76 69 62 58 60 67 78 88 97 100 100 94 86 79 75 74 74 73 72 70 69 67
55 54 50 45 40 38 41 48 58 69 79 92 100 100 100 100 89 74 61 50 39 28 20 20 28 42 59 74 86 96 100 100 100 100 96 88 83 82 82 78 72 65 60 59 64 72 82 92 99 98 90 78 66 57 55 60 70 78 81 78 71 62 55 53 57 67 76 80 77 68 56 45 40 41 49 59 67 70 70 67 64 64 68 76 86 96 100 100 100 100 94 87 83 82 82 80 76 71 65 60
46 45 42 38 36 38 45 54 65 75 85 95 100 100 100 93 78 63 52 43 34 26 21 24 34 50 67 82 94 100 100 100 100 100 98 89 84 84 85 83 79 75 73 74 79 87 97 100 100 100 98 83 67 55 51 54 63 71 74 71 64 56 50 48 52 61 69 72 68 58 46 34 27 28 35 44 52 57 60 61 62 65 70 78 88 97 100 100 100 100 95 89 85 84 83 80 75 67 59 52
42 39 36 34 36 42 52 63 75 84 92 99 100 100 94 81 67 54 46 40 35 29 27 31 41 56 72 86 98 100 100 100 100 100 91 82 78 79 82 83 84 84 85 89 94 100 100 100 100 100 100 85 67 52 46 48 55 61 64 61 56 49 44 42 45 52 59 62 57 48 36 25 18 18 23 31 38 44 49 53 57 62 68 75 83 91 97 100 99 95 89 84 81 80 79 75 69 60 51 44
44 39 35 34 38 47 59 73 84 92 97 100 100 94 84 71 58 49 44 43 41 39 38 41 48 60 73 86 97 100 100 100 100 91 80 71 68 71 76 80 85 89 94 99 100 100 100 100 100 100 100 85 65 50 42 42 47 52 54 52 48 43 39 38 40 45 51 52 48 40 30 20 14 14 18 24 29 35 40 46 51 57 62 68 74 80 84 86 86 83 79 74 72 72 71 67 60 51 43 38
49 42 38 37 42 52 66 79 90 96 99 99 95 85 73 61 52 47 48 51 53 52 52 52 55 61 70 80 91 100 100 100 92 78 66 58 56 61 68 76 84 92 99 100 100 100 100 100 100 100 99 82 64 49 41 40 43 46 47 46 44 40 38 37 39 42 45 46 43 37 30 23 19 18 21 24 28 33 37 42 47 52 56 60 64 68 70 72 72 70 67 64 63 63 62 58 51 43 37 35
57 49 43 41 45 55 68 81 90 94 96 94 87 76 64 54 49 49 53 60 65 67 65 61 59 60 64 73 83 92 95 91 80 67 55 47 48 55 64 74 84 92 99 100 100 100 100 100 100 100 91 77 63 52 45 43 44 46 47 46 45 43 42 41 42 44 46 46 44 41 37 33 31 30 31 33 35 38 41 44 47 50 53 55 57 59 60 61 61 60 58 57 56 56 55 51 45 39 35 35
65 55 47 44 47 55 66 78 85 88 89 85 77 66 56 49 47 51 59 69 76 78 74 68 62 58 59 65 76 85 88 83 73 60 49 44 45 54 64 75 85 93 97 97 96 94 93 94 93 89 82 73 64 56 52 50 51 51 51 51 51 50 50 50 50 50 51 51 50 49 48 46 45 45 46 46 47 48 49 51 52 53 54 55 55 56 57 57 57 56 56 56 55 55 54 50 44 39 36 37
69 58 50 45 46 51 61 70 77 79 79 75 67 57 49 45 47 53 63 73 81 83 79 71 62 56 56 61 71 81 84 80 71 60 51 47 50 59 70 80 89 94 95 91 86 81 80 80 79 77 74 70 66 63 61 60 60 60 60 60 60 60 60 60 60 60 60 60 60 60 60 60 59 59 59 60 60 60 60 60 60 60 61 61 61 61 61 61 61 61 61 61 61 61 60 55 49 42 39 40
70 59 49 43 42 46 53 61 66 68 68 64 58 50 44 42 45 53 63 74 82 84 80 72 63 56 55 61 71 80 84 82 75 66 59 56 60 69 80 89 96 97 93 86 77 71 68 68 68 69 69 69 70 70 71 71 71 71 71 71 71 71 71 71 71 71 71 71 71 71 71 71 71 71 71 71 71 71 71 71 71 71 71 71 71 71 71 71 71 71 71 71 71 71 70 65 57 49 43 43
71 60 50 43 40 41 46 52 56 58 57 54 49 43 39 39 44 53 63 74 82 83 79 71 62 55 54 60 70 79 84 83 78 71 66 65 70 80 90 99 100 100 92 81 69 61 58 58 59 61 64 68 73 76 79 80 80 80 80 80 80 80 80 80 80 80 80 81 81 81 82 82 82 82 81 81 81 81 81 80 80 80 80 80 80 80 80 80 80 80 80 80 80 80 79 74 65 55 48 46
76 66 56 48 43 41 43 46 49 49 48 45 41 37 36 39 46 55 64 73 80 80 75 66 57 51 50 55 64 73 78 79 77 73 71 73 79 89 99 100 100 100 90 75 60 51 48 49 51 54 59 66 72 77 81 83 84 85 85 85 84 84 83 83 83 84 85 87 88 90 92 92 92 92 91 90 89 88 86 85 85 84 84 84 84 84 83 83 82 82 82 83 83 84 84 80 72 63 55 52
84 75 66 58 52 48 46 46 45 44 41 38 36 35 37 42 50 58 66 72 76 74 68 59 50 45 44 48 56 64 69 71 70 70 72 76 84 94 100 100 100 100 86 69 53 44 42 44 47 51 56 62 67 73 77 80 82 84 85 84 83 81 79 79 80 82 84 88 93 97 100 100 100 99 97 94 92 89 86 83 82 82 82 82 82 81 80 78 77 76 76 78 80 82 83 82 77 70 64 60
91 85 78 71 65 60 56 52 48 44 40 36 35 36 41 49 57 64 68 70 71 67 59 51 43 39 38 42 48 54 58 60 61 63 68 75 84 94 100 100 100 98 81 64 49 41 41 45 49 52 55 58 61 64 67 71 75 79 80 79 76 72 69 69 70 74 79 86 94 100 100 100 100 100 98 93 89 83 79 75 74 73 74 74 74 74 71 68 65 64 64 67 70 75 79 81 81 79 75 71
96 92 88 84 80 75 69 62 56 49 43 39 38 42 49 57 65 70 71 69 65 59 51 43 37 35 36 39 43 47 49 50 51 54 60 69 79 90 100 100 100 92 77 60 47 42 44 51 56 58 58 56 55 54 56 60 67 72 74 72 67 62 58 56 59 65 72 82 93 100 100 100 100 100 94 88 80 73 67 64 62 63 64 65 65 64 60 55 51 49 50 54 59 66 72 79 84 87 86 83
96 94 93 93 91 88 82 75 66 57 49 44 44 49 57 66 73 76 73 67 60 52 44 38 35 35 38 41 43 45 45 43 43 46 52 61 71 82 92 98 95 86 72 59 49 46 51 59 65 66 63 57 51 46 47 52 60 66 69 67 60 53 48 46 50 57 66 79 93 100 100 100 100 96 87 79 70 61 55 51 51 53 56 57 58 56 51 45 39 36 38 42 50 58 67 78 88 95 97 93
91 90 92 95 97 97 93 85 76 66 56 50 50 56 65 74 80 80 74 66 56 47 40 36 36 40 44 47 48 48 46 42 40 40 45 53 63 74 84 90 88 81 70 59 52 52 58 68 74 75 69 60 50 44 43 48 57 65 68 65 58 50 43 42 46 54 65 79 94 100 100 100 100 90 80 70 60 51 45 43 44 49 53 55 55 53 47 40 33 30 31 37 46 56 66 80 93 100 100 100
82 82 86 92 97 100 98 91 82 71 61 55 54 60 69 78 83 82 75 65 55 46 40 38 41 47 53 56 57 56 52 46 41 39 42 49 58 69 79 85 84 78 68 59 54 56 63 74 81 81 75 65 54 46 45 51 61 70 73 70 62 53 46 44 49 58 69 84 99 100 100 100 100 87 75 64 54 45 40 40 44 50 56 58 58 56 51 43 35 32 33 39 49 59 71 85 100 100 100 100
71 72 77 84 92 97 97 92 83 73 62 56 56 61 70 79 84 83 76 65 55 46 42 43 48 56 63 67 68 66 61 54 46 42 43 48 57 68 78 84 83 77 68 59 55 57 65 75 82 84 79 70 60 54 54 60 70 79 82 79 71 62 55 53 58 67 79 93 100 100 100 100 100 86 73 62 52 45 42 44 50 58 64 67 68 66 60 51 44 41 42 48 58 68 80 94 100 100 100 100
61 62 67 75 85 92 94 90 83 73 62 56 56 62 71 79 84 83 76 66 56 48 45 48 56 65 73 78 78 77 71 62 53 46 45 49 57 67 77 83 82 76 67 59 54 56 64 75 82 85 81 75 68 63 64 71 81 90 93 90 82 73 66 64 69 78 90 100 100 100 100 100 100 85 73 62 52 46 44 48 57 66 74 77 78 76 70 62 55 51 52 59 68 79 90 100 100 100 100 100
51 51 56 65 75 84 88 87 81 72 63 58 58 65 74 82 87 87 80 70 61 54 53 57 66 76 84 88 88 86 79 68 57 48 44 47 54 63 73 78 77 71 62 54 50 52 60 71 79 83 83 80 76 73 75 81 90 98 100 99 92 84 79 78 83 92 100 100 100 100 100 100 97 81 69 58 50 44 44 49 59 70 79 83 84 83 78 71 64 61 61 67 75 84 95 100 100 100 100 100
44 43 46 53 63 72 79 80 78 72 65 62 64 71 80 89 93 92 86 78 70 65 65 70 78 87 93 96 95 91 83 71 57 47 41 42 48 56 65 69 67 60 52 45 42 45 53 63 73 80 84 85 84 84 85 90 97 100 100 100 98 94 91 93 98 100 100 100 100 100 100 100 88 72 61 52 44 39 40 45 55 67 76 82 84 84 82 77 72 69 68 71 77 84 91 100 100 100 100 96
42 39 39 43 50 59 66 71 73 70 67 67 72 80 88 96 99 98 93 86 81 78 79 84 90 96 100 99 96 91 82 68 55 43 38 37 42 48 55 57 55 48 40 34 32 36 45 55 66 76 85 90 92 92 93 94 98 100 100 100 99 98 100 100 100 100 100 100 100 100 100 95 77 62 52 45 38 34 34 38 47 58 68 74 78 81 82 81 78 75 73 72 74 77 81 85 89 89 86 78
45 40 36 35 38 45 53 61 67 69 70 74 80 88 96 100 100 100 98 93 90 89 91 95 99 100 100 98 93 86 75 62 49 40 35 35 38 43 47 48 44 36 29 24 24 30 39 50 62 75 86 95 99 99 96 94 93 92 91 91 92 95 100 100 100 100 100 100 100 100 100 83 66 53 45 40 35 30 28 31 37 47 56 64 70 76 81 83 84 81 76 72 69 68 67 67 67 67 64 60
52 44 37 31 29 33 42 52 62 68 73 80 88 96 100 100 100 100 98 95 94 95 99 100 100 100 100 93 86 77 66 54 44 37 34 36 39 42 44 43 37 30 23 20 21 28 37 48 61 76 90 100 100 100 97 90 85 81 77 77 80 86 95 100 100 100 100 100 100 100 87 72 58 48 43 40 36 31 27 26 29 36 45 54 62 71 80 86 89 87 80 72 64 59 54 50 48 46 46 47
61 51 39 30 24 25 33 45 57 67 75 84 93 100 100 100 100 96 94 92 93 96 100 100 100 100 95 87 77 67 56 47 39 36 37 41 44 46 47 44 37 30 23 21 24 31 41 52 65 81 96 100 100 100 94 85 76 69 63 62 65 73 83 93 99 100 100 100 96 87 76 65 56 49 47 45 41 35 29 26 26 31 39 49 59 69 81 91 96 94 86 74 63 54 46 39 35 34 36 40
67 56 43 30 22 21 29 41 55 67 77 87 95 100 100 98 93 88 85 85 86 91 97 100 100 99 91 81 71 60 50 42 38 39 43 49 53 54 54 50 43 35 29 28 31 39 49 60 74 89 100 100 100 100 92 80 70 60 53 50 53 61 71 80 86 87 87 86 82 77 70 64 59 56 54 54 50 44 36 30 29 33 40 50 61 73 86 98 100 100 93 80 67 56 46 37 32 31 35 42
69 58 44 30 21 20 27 40 54 66 77 87 95 98 97 91 84 77 75 75 77 82 90 96 98 96 89 79 68 58 48 42 41 44 51 58 63 65 64 60 53 45 39 37 41 49 60 70 84 98 100 100 100 100 91 78 67 57 48 44 45 51 60 68 73 75 75 74 73 71 69 67 66 65 65 64 61 54 46 40 37 40 48 58 69 81 95 100 100 100 100 89 75 64 53 44 38 38 42 50
70 58 44 31 22 20 27 40 54 66 77 87 94 95 91 84 74 67 64 64 66 73 82 90 95 94 88 79 68 58 49 44 45 51 59 68 74 75 75 71 64 55 50 48 52 60 70 81 94 100 100 100 100 100 92 78 67 56 47 42 41 44 51 58 63 64 64 65 66 68 70 72 74 75 75 75 72 65 57 50 48 51 58 68 79 92 100 100 100 100 100 100 86 74 64 55 49 48 53 60
72 61 48 34 25 24 30 43 57 69 80 89 95 95 89 79 68 60 57 57 59 65 75 83 88 89 84 75 65 56 49 47 50 58 69 78 84 86 85 81 74 66 61 60 63 71 81 91 100 100 100 100 100 100 95 81 70 59 49 41 37 38 43 48 52 54 54 56 61 66 73 79 84 87 88 88 85 79 70 63 60 61 67 76 86 98 100 100 100 100 100 100 95 85 75 66 61 60 63 71
79 69 56 43 34 32 38 50 64 76 86 95 100 99 91 80 68 59 55 55 57 62 69 75 79 78 74 67 59 52 48 49 56 67 79 88 93 94 92 88 81 75 71 71 75 82 90 98 100 100 100 100 100 100 100 87 76 65 53 42 36 33 35 40 44 46 47 51 58 67 77 87 95 100 100 100 100 95 87 78 72 70 73 79 87 96 100 100 100 100 100 100 100 93 85 77 72 70 73 79
87 79 67 55 47 44 49 60 72 84 95 100 100 100 98 86 73 64 60 60 61 63 65 67 66 64 61 56 51 48 48 54 64 77 88 96 99 97 94 90 84 80 79 80 84 89 95 99 100 100 100 100 100 100 100 95 84 73 59 46 35 30 30 34 39 42 46 51 59 70 82 93 100 100 100 100 100 100 100 93 83 77 74 76 81 87 94 100 100 100 100 100 100 96 91 86 81 79 79 83
94 87 78 67 59 56 59 68 79 91 100 100 100 100 100 94 82 73 69 68 68 66 63 59 54 50 47 46 45 46 51 61 74 87 96 100 100 96 91 86 82 81 82 86 90 93 95 95 99 100 100 100 100 100 100 100 91 79 64 48 36 29 28 32 38 44 49 56 64 74 85 95 100 100 100 100 100 100 100 100 93 81 73 70 71 72 75 79 84 88 92 95 95 95 94 91 87 83 81 82
97 92 85 75 67 63 65 72 83 94 100 100 100 100 100 100 90 81 78 77 76 70 62 53 45 39 38 39 43 48 58 71 85 96 100 100 97 90 83 78 76 77 82 87 91 92 91 87 86 91 99 100 100 100 100 100 94 82 66 49 35 28 28 34 42 50 57 64 71 78 85 92 99 100 100 100 100 100 100 100 100 85 72 64 60 56 54 53 56 62 70 79 85 89 92 92 89 84 79 76
94 92 86 77 69 64 65 71 81 91 100 100 100 100 100 100 95 87 84 83 81 73 62 49 39 34 34 38 45 54 67 82 96 100 100 100 91 82 74 68 67 71 78 85 89 89 84 77 73 76 84 94 100 100 100 100 92 79 63 46 34 28 30 38 48 58 67 74 78 81 82 85 88 94 100 100 100 100 100 100 100 88 72 61 53 45 37 33 33 39 50 62 73 81 87 90 87 81 74 68
87 86 81 73 65 60 60 65 74 84 95 100 100 100 100 100 94 87 84 83 80 72 60 48 38 34 36 43 53 64 78 94 100 100 100 98 86 75 66 60 60 66 74 82 86 85 78 69 63 63 71 82 93 100 100 95 85 72 57 41 30 27 31 42 54 65 75 81 83 81 77 75 75 79 88 98 100 100 100 100 100 92 75 62 52 41 30 21 19 24 36 50 64 74 83 86 84 77 69 62
78 77 72 64 56 51 51 55 64 74 85 95 100 100 100 95 87 80 77 77 74 67 57 46 40 39 44 52 63 75 89 100 100 100 100 97 84 72 62 56 56 63 72 80 84 83 75 64 57 57 63 73 83 90 91 85 75 63 48 34 25 24 31 44 57 69 78 84 84 79 71 65 63 66 74 85 98 100 100 100 100 98 83 69 58 46 32 21 16 20 31 45 59 71 80 84 82 75 66 58
67 66 61 54 46 41 40 45 53 64 74 84 92 94 92 85 77 70 67 67 65 59 52 45 43 46 53 63 73 85 99 100 100 100 100 98 83 71 61 55 56 62 71 80 84 82 74 64 56 55 59 67 76 81 81 75 64 52 38 26 19 20 29 43 57 69 79 84 82 75 65 57 53 55 63 74 88 100 100 100 100 100 92 79 68 56 41 28 21 23 32 45 59 70 80 84 82 75 66 58
56 55 51 43 36 31 31 36 45 55 65 75 82 84 81 74 65 58 55 55 53 49 45 43 45 51 61 72 82 94 100 100 100 100 100 96 81 70 60 55 56 62 72 81 85 84 76 66 58 55 57 62 68 71 69 62 52 40 27 16 11 15 26 41 55 67 77 82 80 71 61 51 45 47 55 65 79 95 100 100 100 100 100 89 79 66 51 38 29 28 35 48 61 72 81 86 84 77 68 60
48 46 41 35 29 26 27 33 42 52 62 70 76 77 72 64 54 45 41 40 38 36 34 36 42 52 64 75 85 96 100 100 100 100 100 88 74 64 56 52 55 63 74 84 89 88 81 72 64 59 58 58 59 59 55 48 38 27 16 6 3 8 19 35 50 62 72 77 76 70 60 51 45 46 52 61 73 88 100 100 100 100 100 97 88 77 63 50 40 38 43 54 66 77 87 92 90 84 75 68
43 40 35 30 26 26 30 38 47 56 64 71 75 74 67 57 45 35 29 26 24 22 23 27 37 49 62 73 82 90 98 100 100 96 86 73 62 55 50 49 55 65 78 88 94 94 88 80 73 66 61 57 52 47 41 34 26 16 6 0 0 1 12 27 42 54 64 71 74 72 66 59 53 52 56 62 71 82 94 100 100 100 100 100 94 86 75 63 54 51 54 63 75 86 95 100 100 95 87 79
43 38 33 29 28 31 38 47 57 64 70 75 78 75 67 55 42 31 23 18 14 12 13 20 30 44 57 67 74 80 84 85 82 75 65 56 50 47 46 49 57 69 82 93 99 99 95 89 82 75 66 57 48 40 32 25 19 11 3 0 0 0 7 21 35 46 57 67 74 77 77 73 68 65 65 67 70 76 82 89 94 97 98 97 95 91 84 74 67 63 65 72 82 93 100 100 100 100 99 92
48 41 35 32 33 39 49 59 68 74 78 82 83 80 72 61 47 34 25 18 12 8 9 15 26 39 51 60 65 68 69 66 60 53 47 42 40 42 45 52 62 75 87 96 100 100 98 94 89 81 71 60 49 38 30 24 20 15 8 1 0 0 7 18 31 42 53 66 77 86 90 89 85 80 76 73 71 69 69 71 75 80 86 89 92 92 89 83 76 72 73 78 87 97 100 100 100 100 100 100
56 48 41 38 40 47 58 69 77 81 84 86 88 86 80 70 58 45 35 26 18 13 12 17 26 37 48 54 57 58 56 51 44 37 33 33 36 42 49 58 70 81 91 97 99 99 97 94 91 84 75 64 53 43 36 32 29 26 19 12 7 7 12 21 32 43 54 69 84 97 100 100 99 92 84 78 70 61 55 53 56 62 71 79 85 90 90 86 81 76 75 78 86 96 100 100 100 100 100 100
64 54 46 43 45 52 63 73 81 84 85 87 90 91 88 82 72 60 49 39 30 23 20 23 30 40 48 54 55 55 51 44 36 30 29 32 39 48 57 68 78 88 93 95 94 92 90 89 87 83 76 68 59 52 47 44 43 41 35 27 21 18 21 28 38 49 60 75 92 100 100 100 100 97 87 78 66 53 42 37 39 47 58 69 79 86 88 86 81 75 72 74 81 91 100 100 100 100 100 100
68 58 49 45 46 52 61 71 77 80 80 82 87 92 93 91 84 74 64 53 43 35 31 32 38 47 54 59 59 58 53 46 38 33 33 38 46 57 67 78 87 93 94 92 87 83 81 81 80 77 74 69 65 61 59 57 57 55 50 42 35 31 32 38 47 58 69 84 100 100 100 100 100 95 83 72 59 44 32 26 29 38 51 64 74 83 86 83 77 70 65 66 71 81 92 100 100 100 100 95
69 59 50 44 43 47 54 62 68 70 70 74 81 89 95 97 93 85 75 65 54 46 42 43 49 57 64 68 69 68 63 55 47 42 42 48 57 67 78 88 94 97 94 87 79 73 70 70 70 70 70 70 69 69 69 69 69 67 62 54 46 42 43 49 58 68 80 94 100 100 100 100 100 86 74 63 49 35 24 20 24 35 49 62 73 82 84 80 72 63 57 56 61 71 81 91 96 97 93 85
70 60 50 43 40 41 47 53 58 59 60 64 73 84 95 100 100 96 87 76 66 58 53 54 59 67 74 78 79 78 73 65 57 52 53 58 67 77 87 96 100 99 92 81 70 62 59 59 59 61 65 69 73 77 79 80 80 79 73 65 58 53 54 60 69 79 90 100 100 100 100 100 91 75 62 51 39 26 17 15 21 34 50 63 74 82 84 79 69 58 49 47 51 61 71 80 86 87 82 75
75 65 55 46 42 41 43 47 50 50 50 54 64 79 93 100 100 100 100 90 81 73 68 67 70 75 80 83 84 83 78 71 63 59 59 64 72 82 92 99 100 97 87 73 59 49 45 44 46 50 58 68 79 87 93 95 94 92 86 78 71 66 67 71 79 89 98 100 100 100 100 95 77 61 48 38 26 16 10 11 21 37 53 68 79 87 88 83 72 59 49 45 47 56 65 73 78 78 73 66
82 73 64 56 50 46 45 46 46 44 43 46 56 71 88 100 100 100 100 100 98 91 84 80 79 79 81 82 83 82 77 71 65 61 61 65 72 81 90 96 97 91 79 64 49 37 32 30 31 38 51 68 85 98 100 100 100 100 98 91 84 79 79 82 88 95 100 100 100 100 95 79 61 45 34 25 16 8 6 11 25 42 61 75 86 95 97 93 82 69 58 51 51 57 64 69 73 72 68 61
90 83 76 69 63 58 54 50 47 44 40 41 48 61 79 96 100 100 100 100 100 100 99 91 85 80 77 76 76 75 72 67 62 59 59 62 68 75 81 86 87 82 71 57 42 30 24 20 20 29 45 67 89 100 100 100 100 100 100 99 93 89 89 90 93 96 99 100 98 90 78 62 46 33 24 17 10 6 7 15 30 50 68 83 94 100 100 100 98 86 74 65 61 63 66 69 71 70 67 61
96 91 87 82 77 72 66 60 54 48 42 39 42 52 67 84 100 100 100 100 100 100 100 99 87 77 70 67 67 66 64 60 57 55 55 57 61 66 71 75 76 74 67 55 42 31 23 17 16 25 43 67 91 100 100 100 100 100 100 100 96 94 94 94 94 93 91 88 82 72 61 48 37 28 22 17 12 10 13 22 37 56 74 89 100 100 100 100 100 100 92 81 75 72 71 71 71 71 69 65
96 94 93 91 90 86 80 73 64 56 48 41 39 42 53 68 85 100 100 100 100 100 100 100 87 74 64 59 59 58 57 55 53 52 52 53 55 58 61 65 68 69 67 60 50 40 30 22 20 27 44 67 91 100 100 100 100 100 97 94 93 93 94 93 91 86 80 73 65 56 47 40 34 30 27 25 22 20 23 30 43 60 76 89 100 100 100 100 100 100 100 96 86 80 75 73 72 73 73 72
92 91 93 95 97 96 91 84 74 64 55 45 37 34 39 51 67 83 95 100 100 100 100 100 87 72 61 56 55 55 54 53 53 52 52 53 54 55 56 60 65 70 72 69 63 53 44 34 29 34 48 67 87 100 100 100 98 89 84 83 85 88 90 90 86 78 69 60 51 44 40 39 39 40 39 38 36 34 34 38 47 59 73 85 96 100 100 100 100 100 100 100 93 84 76 72 71 74 77 79
84 84 87 93 98 100 97 91 81 71 60 48 36 28 29 37 51 66 79 90 99 100 100 98 87 74 64 58 57 57 57 57 57 57 57 57 57 57 58 62 69 76 81 81 77 68 58 48 42 43 53 68 83 94 98 93 83 74 70 71 76 82 86 86 81 72 62 52 44 40 40 43 48 52 53 53 51 47 43 43 47 55 65 77 88 100 100 100 100 100 100 100 92 81 72 67 67 72 78 82
73 74 78 86 93 97 97 92 83 73 62 48 35 24 21 27 39 54 67 78 88 95 98 96 89 79 71 67 66 66 66 66 66 66 66 66 66 66 66 70 78 86 92 93 89 81 71 60 53 52 58 68 79 86 87 81 71 62 58 61 68 76 83 84 80 70 59 50 43 41 44 51 58 64 66 66 63 56 49 44 44 48 56 66 77 90 100 100 100 100 100 98 84 72 63 58 60 66 75 82
62 63 69 77 86 93 95 91 83 73 62 48 33 21 16 19 29 43 56 67 77 87 93 94 91 86 80 77 76 76 76 76 76 76 76 76 76 76 77 81 88 96 100 100 100 91 81 71 63 60 63 69 75 78 77 70 60 51 49 53 62 73 81 84 80 70 60 51 45 45 50 59 68 75 77 77 73 65 54 45 40 41 47 56 67 79 93 100 100 100 100 87 73 62 53 49 52 60 71 80
52 54 60 70 81 90 93 90 83 73 61 47 31 18 10 11 19 31 43 53 64 74 83 88 89 88 85 83 83 84 84 84 84 84 84 83 83 83 84 87 94 100 100 100 100 98 88 78 69 65 64 66 69 69 66 60 50 42 41 47 59 71 81 86 82 74 63 55 51 53 60 70 81 88 90 90 85 76 63 50 41 39 42 50 60 71 85 97 100 100 93 80 67 55 46 42 46 56 69 80
45 48 55 67 79 89 93 90 83 73 61 47 30 15 5 4 9 19 29 39 48 59 68 76 80 82 82 82 84 85 87 87 87 87 86 85 84 84 84 87 94 100 100 100 100 97 88 79 71 65 62 61 60 59 56 51 43 38 39 47 60 74 86 91 88 80 71 65 62 66 74 85 95 100 100 100 100 90 76 62 51 45 45 51 58 68 80 91 97 97 90 78 66 55 45 42 46 56 70 82
42 47 56 69 82 91 95 91 83 73 61 47 30 15 4 0 3 11 19 27 35 43 52 59 65 69 72 75 79 82 85 86 86 85 83 80 79 78 79 81 86 92 96 97 94 89 82 74 67 61 56 53 51 50 48 45 41 39 43 53 67 81 92 97 95 88 81 76 75 79 87 97 100 100 100 100 100 100 91 78 67 59 57 58 62 68 78 87 94 96 91 82 71 60 51 46 50 59 73 85
45 51 62 76 89 97 98 93 84 73 62 48 32 17 7 3 5 10 16 22 27 32 38 43 48 54 59 65 70 75 80 83 83 81 77 73 70 69 70 72 75 79 82 83 81 77 72 66 61 54 49 45 43 43 44 44 45 46 53 64 77 89 98 100 100 95 90 86 86 90 97 100 100 100 100 100 100 100 100 95 85 77 72 70 70 72 78 86 93 97 95 89 80 69 59 54 55 63 75 87
51 60 72 86 98 100 100 95 84 73 62 49 35 22 14 11 13 17 22 25 28 29 30 32 35 40 47 54 62 69 75 79 79 76 71 65 62 61 61 62 64 67 68 69 68 65 62 59 54 48 43 39 38 39 43 48 52 58 66 77 88 96 100 100 100 97 94 92 92 95 100 100 100 100 100 100 100 100 100 100 100 93 87 81 77 75 77 84 92 97 99 96 88 78 68 61 60 65 75 86
59 70 83 97 100 100 100 97 84 73 62 50 38 29 24 23 26 31 34 36 36 33 30 27 28 32 38 47 56 66 73 78 78 74 68 61 57 55 55 56 57 58 59 59 59 58 56 54 51 46 40 36 36 39 46 53 61 70 79 89 96 100 100 98 96 94 92 92 92 94 96 99 100 100 100 100 100 100 100 100 100 100 97 89 81 76 75 81 88 96 100 99 93 83 73 65 61 64 71 80
66 77 91 100 100 100 100 99 85 73 62 51 41 35 33 36 41 46 49 49 48 43 36 31 28 31 38 47 57 67 76 81 82 77 70 62 57 56 56 56 57 57 57 57 57 57 56 56 53 48 42 37 37 41 49 59 69 79 88 96 100 99 96 91 88 86 86 86 86 86 87 88 89 90 90 90 93 98 100 100 100 100 99 89 79 72 70 74 82 91 97 98 92 82 72 63 58 58 63 72
69 81 95 100 100 100 100 99 85 73 62 52 44 40 41 46 54 60 62 62 60 54 46 39 36 37 44 54 64 75 84 89 90 85 78 70 64 63 63 63 63 63 63 63 63 63 63 63 60 54 47 42 40 43 51 61 72 82 92 98 99 95 88 82 77 76 76 76 76 76 76 76 77 77 77 77 80 87 95 100 100 100 93 83 72 64 62 65 74 83 89 90 85 75 65 55 50 49 54 61
69 81 95 100 100 100 100 99 85 73 62 52 45 43 47 54 63 70 73 73 71 65 57 50 46 48 54 64 75 85 94 100 100 96 88 80 75 73 73 73 73 73 73 73 73 73 73 73 70 64 55 47 44 45 52 61 72 83 91 95 94 89 80 72 67 66 66 66 66 66 66 66 66 66 66 66 69 76 84 91 93 90 82 72 62 53 51 55 63 72 79 80 75 65 54 45 39 39 43 51
67 79 93 100 100 100 100 97 82 70 60 51 45 45 50 59 70 78 81 82 80 74 67 60 56 58 64 73 83 93 100 100 100 100 95 87 83 82 82 82 83 84 85 85 86 86 86 86 83 75 65 55 49 48 53 62 72 82 89 91 88 80 70 60 55 53 53 53 53 54 55 56 57 57 57 58 61 68 76 82 85 82 74 64 53 45 42 45 53 61 67 69 64 54 44 36 31 30 35 43
61 73 86 99 100 100 100 89 75 64 55 46 42 42 48 58 70 79 83 85 84 80 74 68 65 65 70 77 85 93 100 100 100 99 93 87 84 84 85 87 90 93 95 98 99 100 100 100 97 89 78 66 58 55 57 63 72 79 84 85 80 70 58 48 41 39 38 38 39 42 45 49 52 54 55 55 58 65 73 80 82 79 72 62 51 42 38 39 44 50 56 57 54 46 38 31 28 29 34 41
53 65 77 89 96 96 89 77 65 56 48 40 36 37 42 52 63 73 78 81 83 82 79 75 72 71 72 76 81 86 89 90 88 84 81 78 78 80 83 87 92 98 100 100 100 100 100 100 100 100 92 80 70 64 63 66 71 76 78 76 70 60 48 38 30 26 24 23 26 31 39 47 53 57 59 59 62 69 77 84 86 83 76 66 55 45 38 36 37 41 46 48 47 42 37 34 33 36 41 48
46 57 69 79 85 84 77 66 55 48 42 36 31 31 34 42 52 62 69 74 78 81 82 81 78 75 72 71 72 73 72 69 65 63 62 63 67 71 76 83 91 100 100 100 100 100 100 100 100 100 100 93 83 75 70 69 70 71 70 68 62 53 43 33 26 20 16 14 17 25 36 48 58 65 67 67 70 77 85 92 94 91 84 74 63 52 43 36 33 34 38 42 44 43 42 43 45 49 55 60
42 53 64 73 77 75 68 58 49 43 39 35 30 27 28 33 41 51 59 66 73 80 85 86 84 78 71 66 63 59 53 46 41 39 42 47 55 62 69 78 88 99 100 100 100 100 100 100 100 100 100 100 93 84 77 72 69 66 63 60 57 51 44 37 29 22 16 13 15 24 37 52 65 73 76 76 80 86 95 100 100 100 93 83 72 60 48 37 31 30 34 40 46 49 52 57 62 67 71 74
44 55 65 72 75 72 64 55 48 44 42 38 32 27 25 27 33 42 51 60 70 80 89 93 90 82 72 63 56 48 38 28 21 20 25 35 45 55 64 74 86 96 100 100 100 100 100 100 100 100 100 100 99 91 83 75 68 62 58 56 55 54 52 47 40 32 23 19 20 28 41 57 71 80 83 83 86 93 100 100 100 100 100 89 79 66 52 39 30 28 33 41 50 57 64 72 79 84 86 86
50 61 70 77 78 75 67 59 53 50 49 46 39 32 27 27 31 39 49 59 71 84 95 100 98 89 76 64 54 44 31 19 11 11 18 29 42 53 64 75 85 94 99 99 98 95 94 94 96 99 100 100 100 95 86 77 67 59 55 55 57 61 63 61 55 46 36 29 28 34 45 59 72 81 84 84 87 94 100 100 100 100 100 91 80 67 52 38 29 27 33 44 55 65 75 84 91 95 96 93
60 70 80 86 87 83 75 67 62 60 59 56 49 41 35 33 36 44 54 65 77 92 100 100 100 98 84 70 59 47 33 20 12 12 20 33 47 59 69 80 89 94 95 92 87 82 80 80 83 88 94 99 100 96 88 78 67 58 54 56 62 69 74 74 69 59 49 41 37 39 47 58 69 76 79 79 82 89 97 100 100 100 95 85 75 62 47 33 25 25 33 45 58 70 80 90 97 99 97 91
70 81 90 96 97 93 86 78 72 70 70 67 60 51 45 43 46 54 64 75 87 100 100 100 100 100 94 80 69 57 43 30 21 21 29 42 56 68 79 89 95 97 94 86 78 71 69 69 72 78 87 94 97 94 87 78 67 58 55 58 66 75 83 85 80 71 60 51 44 43 46 53 61 67 69 69 72 79 87 94 96 93 86 76 65 52 38 26 19 21 31 45 59 70 81 90 96 96 92 84
81 92 100 100 100 100 96 87 82 80 79 76 69 61 54 52 56 63 73 84 97 100 100 100 100 100 100 91 80 68 54 41 33 32 40 53 66 78 88 97 100 99 92 81 70 62 59 59 62 70 80 89 94 93 88 79 68 60 57 61 71 82 90 93 90 80 70 59 51 46 46 49 54 58 59 59 62 69 77 83 85 82 75 65 54 42 29 18 14 18 29 44 58 69 79 88 92 91 85 76
90 100 100 100 100 100 100 92 86 84 84 80 73 65 59 57 60 68 78 89 100 100 100 100 100 100 100 99 89 79 67 54 46 45 51 61 72 83 91 98 100 97 89 77 66 58 55 55 58 66 77 87 94 95 91 83 73 65 63 67 76 86 94 97 93 85 75 64 56 50 48 50 52 55 55 55 56 61 67 71 72 70 63 55 46 35 24 15 12 16 26 40 54 64 74 82 86 85 79 71
96 100 100 100 100 100 100 91 84 82 82 78 71 63 57 55 58 66 76 86 99 100 100 100 100 100 100 100 95 88 79 69 62 59 61 67 74 81 87 92 93 90 83 74 65 59 57 57 60 68 78 89 96 99 96 90 81 74 72 74 80 87 92 94 90 82 74 66 59 56 55 56 58 59 58 56 55 56 58 60 60 57 53 47 41 33 25 18 15 18 26 37 47 56 65 72 77 78 74 69
96 100 100 100 100 100 96 84 77 75 74 71 64 56 50 48 51 58 68 79 91 100 100 100 100 100 100 99 96 93 88 83 77 72 70 70 72 74 77 78 79 77 75 71 68 65 64 64 67 73 83 92 99 100 100 96 90 84 81 80 82 84 86 85 81 75 69 64 62 62 65 67 69 69 66 61 58 54 51 49 48 47 46 44 42 38 33 28 24 25 28 34 42 48 55 62 67 71 71 70
92 100 100 100 100 100 88 76 68 66 65 62 55 47 40 38 41 49 59 70 81 90 97 99 98 95 92 91 92 94 95 93 90 85 78 73 68 66 64 63 63 64 66 68 71 73 73 74 75 80 87 94 100 100 100 99 95 91 87 84 82 79 77 74 70 66 62 61 64 69 76 81 83 81 76 69 62 54 46 41 39 41 43 46 48 48 47 44 40 37 35 36 39 43 48 54 60 66 70 73
85 95 100 100 100 92 80 68 60 58 57 54 47 39 33 31 34 41 52 62 72 79 83 83 81 78 77 80 85 91 97 100 100 95 86 75 66 59 53 49 48 51 57 66 74 79 81 81 82 85 89 94 98 100 100 98 96 93 89 85 79 74 68 64 61 58 56 59 66 76 86 92 94 91 84 75 65 53 42 35 34 37 44 51 57 61 64 62 58 52 46 42 41 43 46 51 57 64 70 76
