100 100
70 62 90 97 43 69 70 68 45 95 71 46 76 100 47 67 90 68 23 87 75 70 70 70 68 45 83 60 100 61 29 100 87 42 70 70 65 50 97 70 96 55 61 83 78 70 61 82 46 67 70 69 42 84 55 78 67 91 72 92 57 77 45 70 70 70 70 47 74 86 63 52 78 69 63 89 99 58 76 72 59 83 45 68 46 75 100 48 66 50 70 62 83 55 100 75 20 80 55 100
70 44 60 38 13 22 75 100 45 59 57 49 67 68 62 98 48 43 90 100 96 55 62 53 84 45 60 73 86 62 70 66 28 13 22 61 71 32 69 60 89 100 100 78 99 100 80 63 60 71 66 100 70 100 38 81 43 47 98 70 96 97 13 30 100 95 77 55 44 33 22 75 94 22 56 48 87 52 49 25 73 59 45 100 72 75 100 96 100 89 69 72 65 74 59 44 70 85 100 100
73 74 100 97 87 83 65 49 77 92 80 68 63 71 95 82 27 84 83 60 75 38 86 41 66 90 92 82 71 66 73 37 84 88 90 62 45 47 80 80 58 69 98 42 49 82 57 72 98 99 49 56 42 82 55 100 92 30 82 59 100 81 34 100 94 31 54 70 86 83 75 34 87 87 100 58 85 60 92 29 81 94 83 54 37 75 68 55 68 52 69 75 53 86 51 90 100 61 43 60
91 56 97 100 48 50 69 41 30 71 61 71 75 79 100 39 71 55 77 81 67 89 72 63 77 88 39 91 68 98 100 68 88 79 95 66 29 59 42 58 15 75 58 98 50 47 40 75 87 65 81 87 100 48 47 100 98 51 85 95 100 98 91 88 38 86 85 100 72 45 59 57 48 77 31 86 97 32 71 66 80 64 100 75 61 65 35 38 48 71 70 74 49 88 90 97 96 89 48 43
43 45 98 62 26 91 100 83 91 100 47 55 59 24 43 69 100 81 48 43 14 42 65 69 62 100 89 58 26 51 70 38 75 56 25 87 100 100 78 98 39 64 70 100 88 82 92 59 57 77 60 46 93 57 58 76 58 40 65 64 62 33 21 22 43 76 29 50 52 95 100 100 83 55 21 88 100 60 66 68 75 70 100 95 82 64 86 100 43 60 70 100 98 34 27 27 33 25 90 96
69 53 71 49 81 64 64 76 84 73 64 64 64 64 64 64 64 64 40 87 70 49 65 100 49 40 100 76 48 77 57 84 57 94 64 45 98 95 25 66 88 64 74 73 64 42 79 87 84 89 24 73 60 95 93 26 73 89 64 74 73 64 38 75 100 45 62 41 69 100 48 48 95 64 40 83 60 100 76 72 58 63 75 75 96 64 58 74 64 46 70 62 87 71 64 64 90 53 83 57
96 70 38 66 53 41 55 100 50 57 61 68 71 100 78 66 55 67 83 72 100 77 41 100 77 19 74 26 6 46 38 48 55 100 100 37 34 64 13 92 100 85 60 46 100 97 68 13 44 78 52 43 33 95 93 35 71 100 100 62 49 97 96 100 81 20 83 87 69 66 4 65 71 100 85 38 23 76 69 98 59 53 28 20 65 64 16 30 99 70 96 92 100 100 100 100 100 61 39 45
57 92 56 85 47 81 48 79 54 84 72 84 90 100 48 77 61 81 100 54 72 38 83 100 53 35 100 93 58 81 81 71 55 91 56 73 85 100 32 56 100 56 84 41 58 88 60 42 100 62 90 78 30 96 94 39 56 83 46 84 58 75 63 47 89 45 56 100 80 100 66 82 20 58 100 63 41 80 62 100 59 84 48 79 99 65 62 86 86 39 57 58 57 56 57 58 71 81 57 94
59 30 83 100 100 85 37 45 22 84 88 70 100 65 36 41 93 55 39 40 43 100 100 77 33 52 29 97 100 74 71 43 78 37 34 26 70 69 100 86 49 45 89 46 83 59 76 100 93 95 81 77 69 98 98 57 33 49 71 99 94 53 19 33 54 61 78 45 56 100 58 45 67 84 87 100 46 47 44 88 59 83 76 46 78 98 53 70 60 100 59 65 43 31 54 63 65 100 59 100
81 37 97 65 67 62 67 92 76 100 93 34 46 90 100 74 100 94 77 94 59 92 47 76 88 100 57 25 87 52 100 91 84 55 94 56 98 62 100 59 53 98 97 34 31 29 66 66 26 63 61 55 35 40 33 40 100 71 71 63 73 89 73 93 98 100 93 56 84 100 60 87 95 34 26 60 96 85 82 100 73 52 53 93 82 50 71 100 71 100 81 87 66 74 100 85 47 55 57 100
80 53 97 86 59 53 100 60 84 59 90 25 75 67 100 79 17 72 62 92 95 27 64 66 85 100 51 57 59 59 77 88 85 64 68 18 84 93 63 83 26 87 100 28 48 82 58 33 74 67 100 55 75 48 54 64 81 67 59 77 75 60 90 60 42 100 82 49 64 100 53 49 94 58 45 98 100 27 53 69 91 91 69 70 79 74 59 93 83 81 80 81 76 40 92 81 80 79 80 81
44 36 76 37 11 68 72 46 99 74 26 0 52 75 73 96 72 95 98 100 73 9 43 70 70 29 21 66 83 99 73 44 83 44 69 59 100 78 61 44 31 84 100 95 100 86 76 100 100 15 66 95 100 81 70 56 20 79 88 67 79 100 95 68 14 39 68 67 72 49 7 32 84 100 71 77 64 40 100 65 55 75 55 14 33 49 39 60 53 40 44 51 65 72 100 20 8 26 56 36
70 45 67 96 50 76 50 88 75 65 76 52 83 100 34 51 74 64 82 67 95 49 76 99 55 41 89 67 74 78 100 55 82 22 72 61 84 55 79 66 65 82 49 100 72 20 86 100 41 74 52 73 82 64 76 76 76 99 54 56 63 63 41 80 87 74 63 91 72 60 76 76 72 63 63 63 75 73 63 41 80 75 65 76 76 76 76 82 87 62 70 46 60 48 98 76 50 90 100 43
96 85 42 89 100 58 52 61 54 31 100 92 81 39 22 77 100 81 74 42 58 71 88 44 76 59 51 48 64 78 100 86 87 100 97 96 57 37 45 42 74 96 38 68 24 78 100 53 40 100 86 68 70 47 100 96 86 44 76 67 91 76 69 80 100 58 28 39 87 100 71 70 44 81 26 40 68 87 50 61 45 33 28 74 100 80 93 73 84 56 96 82 79 41 40 54 100 100 56 85
47 91 48 17 74 84 86 85 100 65 56 62 71 81 89 43 97 54 76 61 90 100 73 23 74 90 73 82 88 84 72 46 33 77 55 87 55 77 89 84 62 44 43 91 92 91 49 87 91 60 52 67 85 62 57 34 64 30 88 40 55 40 63 78 96 46 98 64 82 100 49 100 65 55 57 100 57 80 56 100 90 88 80 52 100 57 70 52 83 37 47 41 43 89 75 94 100 29 28 100
67 100 52 45 38 51 79 56 57 47 56 100 85 87 95 98 78 81 67 81 68 94 65 80 54 56 47 62 100 86 84 73 52 100 83 48 82 43 99 60 67 51 37 100 97 30 76 100 41 52 72 73 98 88 71 7 51 92 88 90 28 59 100 60 46 67 100 39 90 100 30 66 100 84 66 85 50 78 47 100 61 37 93 55 55 53 28 82 89 60 66 37 55 91 35 83 66 62 62 49
49 86 38 62 81 75 73 81 100 100 67 64 19 48 70 79 34 42 51 58 12 46 87 87 81 89 97 67 72 40 54 56 40 71 42 28 88 100 100 100 100 55 54 76 28 0 58 86 60 65 55 51 65 44 100 51 95 94 38 70 54 47 92 60 88 100 32 15 64 95 54 24 89 43 9 22 69 100 95 94 42 52 78 76 77 99 69 93 97 95 90 72 100 61 24 18 83 100 76 69
71 90 67 49 100 76 21 83 79 80 80 68 64 54 76 84 21 71 88 68 70 70 68 43 82 55 100 80 69 62 55 69 71 92 67 24 88 74 68 68 96 57 84 44 70 46 79 57 100 86 43 71 97 55 84 24 67 100 52 39 100 79 71 59 31 93 72 92 64 54 65 52 100 70 50 71 69 84 76 46 72 95 45 69 47 75 86 64 52 96 68 42 83 56 98 71 96 55 35 96
89 90 58 40 89 87 91 57 71 85 100 80 59 88 57 44 51 43 73 81 100 71 53 65 100 55 91 67 100 62 19 36 97 80 96 82 97 42 81 53 37 77 96 56 94 81 85 42 99 59 8 64 100 96 100 64 96 100 52 39 100 96 80 60 73 74 100 100 73 89 100 52 60 70 80 78 64 48 99 67 97 100 95 96 39 75 79 54 34 64 51 87 62 53 66 85 76 21 85 67
74 100 85 67 95 68 100 76 43 50 56 72 92 87 24 47 99 83 58 52 84 57 74 35 51 41 78 60 100 63 73 98 81 36 56 54 47 45 100 77 23 86 100 60 77 73 65 35 100 98 40 95 78 57 66 24 52 89 52 39 100 73 68 65 65 25 46 70 47 38 65 100 77 74 73 54 85 39 48 32 80 69 68 77 21 79 95 77 53 75 66 100 58 76 64 60 100 88 100 38
90 57 88 60 90 85 83 84 34 73 85 90 96 98 40 45 72 54 29 44 50 69 74 19 75 58 42 60 74 76 78 100 54 60 84 95 41 25 89 90 49 84 98 73 62 100 90 94 48 55 68 96 49 81 50 64 66 75 52 39 100 57 24 98 64 41 43 32 67 68 100 100 68 90 39 67 96 51 49 9 81 93 89 61 39 90 40 69 55 70 49 98 87 57 52 49 90 66 100 47
42 46 96 66 72 56 59 98 100 100 30 34 59 94 50 81 100 100 81 100 100 100 74 11 68 100 93 79 72 77 36 69 94 89 59 98 71 83 99 59 36 63 36 21 60 79 24 84 49 100 86 43 27 77 100 90 71 83 77 57 94 100 31 53 100 100 100 54 56 30 65 39 18 26 39 100 90 70 85 47 94 44 42 88 50 41 54 86 64 72 97 91 59 73 87 80 87 64 45 7
69 53 77 91 59 79 24 87 100 59 75 43 74 97 54 78 41 74 44 84 59 100 74 18 80 100 48 73 47 77 57 84 57 98 74 74 78 89 44 74 69 65 65 53 61 100 57 82 38 58 77 73 56 91 93 24 67 66 91 100 29 62 68 79 85 83 83 41 65 41 84 51 100 66 20 83 55 95 65 70 74 66 65 65 90 64 77 51 83 22 70 92 70 45 92 65 41 82 76 54
70 74 37 60 91 79 54 70 22 39 100 64 24 99 92 100 94 46 56 67 76 72 95 100 89 47 58 53 20 46 64 100 58 85 75 81 41 98 78 73 100 83 64 69 71 74 63 89 36 14 18 46 69 100 69 8 42 27 65 100 82 71 41 47 73 71 67 86 63 44 39 56 85 66 65 99 53 100 100 95 42 100 100 73 75 64 67 100 88 43 96 54 23 65 77 95 39 83 100 98
71 100 48 42 100 62 61 45 46 92 45 71 91 76 55 57 81 70 79 57 70 12 52 100 57 35 100 82 52 82 36 72 58 72 59 100 52 51 54 55 89 56 74 94 78 52 85 99 50 81 61 86 64 96 100 54 81 47 84 64 71 77 53 82 63 50 58 100 80 94 62 77 81 81 66 54 45 92 58 90 59 70 45 92 74 64 29 99 91 40 56 75 87 100 69 73 20 82 92 45
94 85 41 45 83 56 100 73 100 72 34 88 98 63 25 70 51 93 95 89 42 22 55 100 91 47 59 95 100 73 71 46 89 100 58 74 92 56 12 36 37 82 100 87 78 61 100 76 100 93 72 77 73 94 61 36 53 56 84 48 33 64 100 71 95 63 90 100 100 100 57 52 55 55 82 45 38 58 84 100 58 33 31 70 77 74 72 100 99 96 60 95 85 60 100 51 55 59 36 71
56 100 100 67 85 53 86 37 47 17 79 79 28 84 71 93 50 56 56 59 100 81 65 75 31 89 84 46 67 65 77 54 46 62 68 45 47 95 64 100 54 73 67 26 77 38 56 20 76 70 63 79 45 45 100 92 94 75 80 100 85 51 98 50 62 21 54 55 43 78 38 86 97 95 100 61 92 73 31 73 63 94 97 75 70 75 58 68 35 57 69 54 16 51 100 87 82 56 43 74
79 80 80 79 75 60 39 80 71 48 49 62 65 75 62 79 79 79 79 79 80 61 65 100 48 83 57 78 20 77 57 100 86 21 72 100 50 56 48 77 63 76 91 48 78 49 78 45 91 62 67 79 99 50 75 95 72 75 55 71 76 60 60 60 93 46 77 97 64 73 34 48 78 69 63 88 99 26 52 63 81 90 91 91 26 75 100 56 56 43 70 82 56 56 100 61 92 59 83 33
44 18 22 52 45 73 31 53 100 67 59 100 100 82 70 69 69 69 35 22 65 68 69 85 64 66 79 99 33 52 52 100 87 21 72 100 86 100 81 41 98 100 100 69 94 44 24 33 62 100 100 18 48 66 59 100 96 84 53 17 24 67 83 100 100 47 49 64 92 87 86 53 85 93 69 54 72 79 100 67 80 39 32 74 32 48 98 47 67 58 94 100 100 72 78 73 85 58 93 75
70 55 81 92 61 83 54 78 95 34 65 100 55 59 76 63 62 61 73 77 63 81 74 52 76 47 94 63 45 85 59 100 87 21 72 82 62 62 47 67 87 64 92 29 52 70 87 90 66 49 100 73 27 84 48 100 63 72 55 68 63 70 72 80 100 56 81 40 62 41 84 55 75 60 92 74 48 100 68 16 80 87 75 62 69 77 92 42 74 52 62 81 65 83 55 82 76 58 53 62
70 76 100 100 97 100 96 47 45 75 73 89 28 47 100 84 63 29 100 97 96 74 74 70 100 93 100 64 56 100 75 28 59 64 72 56 72 84 68 93 100 84 100 49 46 100 100 100 70 88 61 56 54 100 44 79 30 72 89 42 86 100 68 80 100 93 98 84 82 88 54 38 56 30 14 66 28 58 26 45 47 99 72 90 80 79 34 78 100 75 82 51 35 99 46 80 89 100 90 87
61 37 45 48 45 47 98 88 40 86 62 100 91 53 96 43 58 100 85 27 61 43 82 44 55 50 60 86 44 55 100 69 53 80 71 51 78 43 30 44 61 50 61 8 53 92 32 70 46 50 39 100 43 69 50 96 100 59 38 64 100 46 43 86 59 38 54 55 55 87 56 98 100 93 55 100 86 100 96 100 92 91 56 63 59 65 27 85 59 16 47 78 91 66 21 73 52 59 53 53
54 89 54 81 56 72 56 85 47 100 81 70 65 41 100 56 44 88 82 56 86 45 85 82 83 92 46 84 83 82 87 76 55 100 67 15 69 38 99 70 20 80 63 51 54 30 60 67 54 52 65 87 83 86 74 56 89 44 50 47 84 60 99 85 83 33 80 82 82 47 96 100 38 71 100 57 78 100 93 82 60 35 85 72 79 75 72 62 69 49 67 78 52 41 100 90 26 80 88 33
75 100 82 100 84 94 59 38 55 78 72 69 68 22 33 100 81 44 100 100 94 30 21 11 29 91 34 38 43 45 55 66 40 94 89 56 100 100 100 70 58 74 100 92 100 92 100 94 100 100 96 64 59 44 100 57 43 58 73 37 50 41 79 39 81 59 63 46 21 24 62 50 40 69 100 74 59 63 25 39 66 69 89 16 26 54 94 76 100 80 69 56 62 35 79 67 24 57 100 100
72 69 67 67 67 67 95 59 84 33 58 71 76 100 42 48 75 71 87 71 90 43 72 45 87 100 32 59 70 77 55 91 74 70 67 42 93 92 23 66 100 57 84 57 78 68 58 30 93 69 67 67 96 55 84 24 67 92 72 72 58 64 100 59 59 71 67 69 72 72 66 52 100 70 75 51 60 68 72 45 81 79 68 72 48 78 100 57 83 62 69 23 87 78 71 67 70 70 43 100
88 59 28 64 39 78 97 94 95 33 58 71 76 88 86 38 74 98 66 29 97 79 60 100 100 96 27 32 91 66 63 92 99 45 24 67 96 22 30 66 83 40 63 20 44 33 21 31 94 80 41 26 96 53 58 31 70 100 100 100 75 91 94 59 50 56 69 96 100 67 72 41 56 43 32 18 31 89 92 20 54 84 92 100 90 100 100 100 100 57 42 65 100 80 57 82 86 78 19 47
74 98 88 95 44 55 55 57 92 34 63 75 75 59 82 61 75 52 95 85 50 58 93 88 36 83 42 78 100 57 35 57 82 55 93 65 48 73 94 62 97 91 100 59 87 91 87 52 94 58 49 96 100 53 99 77 76 64 34 75 57 81 71 61 73 76 40 51 55 73 100 93 86 88 94 89 52 100 75 37 100 70 59 61 30 55 53 55 62 33 84 65 60 100 72 60 65 54 70 80
89 42 73 94 86 84 84 85 96 47 87 100 64 80 45 70 100 63 80 60 61 48 98 21 55 71 96 66 90 49 20 62 58 100 94 99 52 100 73 53 21 88 67 45 66 100 66 72 98 97 82 91 49 46 57 100 89 87 27 22 82 90 55 78 61 100 77 18 69 100 100 93 31 74 100 81 84 33 64 100 96 93 32 53 96 84 94 43 43 46 55 74 85 95 76 79 87 48 31 91
42 57 100 49 46 25 44 61 94 72 45 71 63 60 32 33 73 69 73 65 91 62 29 43 100 32 67 80 100 99 96 100 41 69 25 68 62 40 43 100 63 98 100 92 61 100 66 49 45 56 18 23 57 76 62 79 60 100 79 57 91 27 16 79 71 100 77 42 91 63 53 77 38 51 72 38 64 22 63 88 61 100 62 64 62 44 100 74 99 83 97 74 38 46 19 21 75 98 60 100
69 25 86 55 96 66 70 71 48 100 81 68 63 52 74 85 22 71 61 87 72 83 71 74 58 36 96 73 47 77 86 64 51 93 66 41 88 72 68 73 73 73 73 59 61 69 79 100 55 81 19 70 84 72 88 43 73 98 54 59 80 74 18 79 59 87 58 75 77 60 84 56 96 66 41 86 74 52 63 95 73 73 83 81 20 75 88 79 87 22 70 100 56 84 42 66 42 80 53 93
43 9 25 22 79 100 78 20 19 85 100 98 63 56 100 69 55 71 96 100 69 88 96 38 15 35 99 54 46 99 42 28 100 96 66 71 100 100 60 72 88 38 52 89 93 68 79 100 55 81 67 100 79 100 70 72 22 82 80 60 70 68 33 47 35 12 55 92 46 13 65 91 100 65 61 65 75 100 71 37 55 77 80 55 33 68 70 78 61 26 96 100 91 100 100 100 50 81 74 100
86 84 81 63 88 50 95 84 46 90 57 85 65 28 82 56 76 69 79 59 81 98 76 57 81 48 100 80 39 55 78 80 58 46 86 57 81 92 23 54 100 55 25 82 56 38 79 100 56 83 60 50 23 85 54 100 88 72 39 70 83 86 85 84 100 49 55 100 65 39 100 61 83 87 84 53 43 100 76 21 80 70 71 93 73 62 45 66 97 47 55 56 57 57 72 60 17 82 57 82
100 62 90 63 85 55 84 100 61 62 70 35 98 65 44 53 100 45 58 80 61 100 97 85 68 80 41 61 100 54 86 59 82 60 81 97 82 56 92 84 95 88 40 98 69 62 62 40 91 96 70 37 72 91 47 52 100 81 34 32 88 100 100 69 48 86 58 79 73 100 67 74 35 100 100 91 89 100 76 65 61 73 81 57 51 46 73 82 58 71 60 59 84 84 66 57 93 95 93 35
30 26 68 69 89 77 58 57 100 98 91 20 50 94 71 47 100 100 54 38 58 100 34 51 63 88 34 72 100 77 67 39 39 36 58 67 37 47 82 30 51 55 42 88 79 70 60 30 90 36 55 95 60 41 76 57 29 93 91 68 93 57 79 63 46 78 63 63 74 100 71 85 15 43 73 57 49 59 76 59 47 43 67 100 100 97 49 37 100 100 56 41 57 57 50 66 74 42 79 47
60 60 62 77 63 73 70 82 100 46 77 50 76 100 47 74 40 79 99 47 51 100 60 39 84 100 33 68 100 78 38 76 56 93 61 94 46 45 77 57 93 79 86 50 78 70 60 30 100 76 59 67 79 43 39 88 60 93 57 77 39 77 48 80 100 55 81 21 74 93 83 88 23 68 95 80 92 58 76 41 60 50 92 68 78 76 78 62 78 73 61 72 78 78 91 75 72 55 35 83
100 86 70 57 31 44 46 100 75 38 50 20 48 100 100 100 78 70 100 82 22 47 97 42 84 100 71 64 82 69 63 100 73 90 93 95 51 64 75 100 100 72 100 64 69 95 60 23 64 77 56 70 65 37 100 100 68 92 31 81 72 16 19 55 69 44 99 60 44 39 19 83 34 44 42 16 95 81 94 82 99 58 35 14 54 97 100 100 65 100 100 73 76 27 42 50 62 56 35 93
61 72 81 91 58 75 16 73 86 89 81 48 78 38 83 64 41 62 80 66 97 66 73 20 82 71 60 61 61 61 42 100 86 63 67 78 55 84 40 60 60 62 91 30 60 100 61 64 78 78 52 73 94 78 62 48 76 100 60 40 84 72 78 89 90 76 60 91 75 89 63 84 65 80 85 62 56 46 54 64 82 100 47 77 71 60 34 75 47 88 60 33 78 84 95 83 76 56 35 94
56 80 66 52 76 66 93 48 52 100 98 100 77 24 75 71 100 83 86 80 70 100 48 52 61 30 45 64 48 82 88 96 48 25 45 60 46 86 31 30 30 33 65 9 60 92 100 100 60 56 40 73 100 100 44 60 54 83 52 67 100 100 89 100 69 95 33 68 100 72 52 82 100 100 71 100 89 61 50 97 97 60 95 93 69 52 17 71 43 75 30 65 45 83 100 58 43 77 93 100
79 76 41 49 87 64 100 59 37 89 46 77 54 27 70 43 70 37 52 53 53 100 88 82 57 72 94 79 28 37 47 47 89 74 86 100 88 90 51 93 87 96 100 55 53 50 56 98 54 89 70 72 59 33 40 79 91 100 99 43 82 43 28 54 37 87 100 79 56 92 92 31 85 38 0 52 60 43 55 77 44 39 100 72 66 73 38 93 52 95 100 100 52 22 85 100 60 82 63 56
84 92 36 53 91 64 68 80 55 83 58 88 56 81 37 77 52 55 91 85 90 41 58 91 56 49 72 79 36 54 90 38 54 92 58 58 63 88 60 75 24 83 58 93 56 37 76 57 83 60 100 66 41 48 37 69 69 100 88 100 37 46 91 81 59 60 85 62 86 100 78 51 72 53 72 55 79 75 55 88 56 33 92 57 68 83 56 100 76 40 86 49 82 53 83 80 73 83 100 32
21 73 61 49 74 46 38 81 84 88 38 86 99 100 84 15 54 100 82 74 63 50 100 100 58 100 100 54 46 99 86 62 81 100 74 79 100 98 77 48 51 72 67 85 100 47 52 29 67 79 100 66 87 100 94 90 69 60 73 91 47 100 74 47 84 57 21 25 68 75 59 51 87 74 76 79 29 44 99 100 84 41 97 100 100 65 43 59 100 59 43 25 84 75 91 18 34 56 100 65
73 73 73 67 83 78 21 81 77 56 62 73 76 100 37 54 98 66 39 84 78 71 66 95 58 81 42 72 47 77 57 92 69 69 73 43 84 52 78 70 100 57 84 57 78 46 72 47 87 54 100 66 50 72 88 61 72 19 84 97 54 73 18 80 100 49 71 70 66 66 60 52 98 73 46 89 80 87 76 44 65 44 83 56 92 66 96 55 83 62 69 23 83 52 95 73 73 73 67 55
60 94 50 63 52 100 79 38 64 28 75 81 76 38 41 100 90 25 56 43 67 92 76 94 100 63 6 59 75 66 34 56 63 20 61 91 95 37 72 84 100 91 60 75 66 100 80 92 100 34 53 66 59 42 96 73 69 41 66 50 62 27 53 65 89 100 52 48 28 17 46 78 54 60 32 75 76 100 44 56 80 82 65 84 68 79 60 83 62 39 97 46 87 70 60 91 89 78 67 35
95 100 77 87 38 55 100 84 88 35 64 77 81 71 100 49 62 89 98 50 40 69 45 46 65 100 63 88 100 68 67 92 89 35 86 77 45 45 76 72 83 53 41 75 56 100 56 45 67 100 79 72 85 55 43 32 67 64 75 50 95 90 98 54 15 69 77 97 99 87 100 92 47 89 63 100 60 96 89 72 56 95 57 55 20 44 37 99 100 50 44 38 87 93 60 69 68 60 88 48
93 76 92 97 31 78 100 93 97 47 86 88 89 62 56 47 76 73 29 84 56 39 61 61 80 100 37 64 100 87 37 81 90 93 53 72 46 46 62 88 87 83 53 39 42 77 50 77 75 62 84 91 100 89 66 9 67 100 37 42 70 81 40 49 36 80 63 100 93 100 79 85 26 73 66 93 97 33 68 100 84 89 81 47 45 46 37 85 62 89 46 86 51 45 90 51 37 81 96 94
24 69 96 72 24 57 69 65 81 58 45 42 40 66 82 100 81 51 29 89 90 57 49 42 63 100 54 80 93 61 79 100 63 83 96 77 42 96 79 43 25 25 65 84 100 100 99 49 49 64 47 46 46 31 88 49 86 100 82 79 74 72 66 99 53 54 43 58 24 35 25 96 44 69 79 79 100 50 63 69 24 24 38 100 100 98 56 59 63 77 79 100 71 45 100 100 60 64 61 51
67 97 54 61 68 72 45 82 56 100 81 68 63 53 75 85 21 69 61 91 94 57 72 45 69 95 46 71 72 72 96 47 69 49 72 86 72 89 60 73 46 65 44 94 72 46 78 57 100 86 21 73 85 67 67 69 72 97 57 82 27 61 68 80 100 43 66 67 67 40 88 75 52 69 100 53 64 56 63 92 67 67 68 72 47 75 100 53 83 22 68 90 68 48 81 66 66 81 100 56
91 100 68 62 44 18 56 78 50 92 68 100 63 54 98 42 46 92 68 89 100 100 95 85 82 33 24 54 19 22 100 71 73 62 99 100 100 55 35 69 100 100 100 100 76 47 79 89 64 48 24 44 47 80 100 100 50 58 30 100 84 62 99 100 100 96 98 88 88 100 100 25 21 42 61 74 77 75 94 86 98 100 100 76 79 68 100 100 66 73 100 73 23 46 48 77 84 100 100 82
67 80 57 81 71 82 89 51 41 81 62 100 63 29 86 71 87 73 63 82 41 100 71 70 55 74 93 77 53 87 84 30 49 34 59 70 54 82 64 64 100 38 45 55 54 40 81 100 46 82 86 85 59 100 63 79 74 85 70 51 43 62 85 55 76 40 77 63 63 66 34 77 84 87 48 85 61 53 54 37 80 65 53 57 85 66 45 52 50 69 52 95 91 100 68 57 32 57 54 60
47 98 66 53 100 100 45 49 52 46 81 89 74 54 85 64 100 92 100 51 37 100 51 27 47 94 51 47 92 93 42 36 38 73 82 38 37 57 91 46 47 36 37 73 54 96 93 60 40 64 100 74 51 100 90 89 92 60 91 90 51 75 69 52 12 51 38 50 50 57 38 54 86 100 35 85 49 57 67 65 60 35 55 94 67 91 60 99 50 45 39 82 100 100 84 39 62 83 43 83
82 81 46 61 91 29 54 100 100 75 49 59 76 52 70 72 95 43 88 66 41 91 98 77 100 87 40 100 90 23 88 100 93 100 55 76 100 53 96 81 100 100 39 77 65 76 41 77 89 46 94 53 1 44 29 43 44 40 81 100 74 77 73 75 52 93 73 86 100 100 94 100 94 44 36 98 100 100 76 74 75 68 92 56 23 57 36 75 80 88 96 56 30 50 76 100 67 45 31 85
62 45 94 84 73 62 70 79 96 46 76 50 76 78 63 77 95 68 56 80 83 21 65 66 84 97 39 77 70 62 100 46 53 100 74 59 72 50 77 59 93 75 40 100 79 69 60 31 92 64 62 62 61 56 43 100 71 75 55 68 89 77 49 77 65 62 62 43 75 100 56 91 29 68 95 80 99 64 76 50 76 40 99 82 46 77 77 69 46 72 70 84 59 54 100 78 47 80 49 77
94 21 31 57 51 97 40 20 61 73 51 20 48 100 100 55 39 70 36 29 100 80 70 42 83 90 47 20 68 100 59 49 70 58 45 60 36 80 100 94 48 21 86 89 48 70 60 65 100 77 53 96 89 100 100 100 96 68 70 71 84 77 46 71 69 68 68 69 97 83 73 40 0 44 69 37 29 18 69 71 70 65 100 83 21 19 6 36 100 97 44 55 76 64 83 71 71 68 65 100
69 57 83 91 57 74 52 78 46 100 81 48 80 90 46 82 22 70 95 83 80 51 74 21 83 89 80 80 70 58 41 100 88 22 71 100 51 55 80 74 54 81 94 46 79 99 61 49 71 94 28 73 59 93 82 32 59 38 84 69 76 78 41 60 76 80 79 71 59 40 97 100 52 80 100 55 72 63 63 87 58 42 100 83 49 80 54 100 64 66 79 52 96 67 59 60 91 55 35 94
44 89 91 48 29 40 100 70 16 85 81 69 76 33 68 61 74 44 91 100 24 48 67 94 98 100 100 100 71 32 79 59 95 67 44 88 93 75 63 98 87 71 90 77 74 80 76 89 38 95 87 73 64 43 21 72 59 27 48 80 76 90 100 82 61 90 47 97 53 26 97 100 70 82 78 93 100 84 63 73 32 38 58 97 100 100 90 100 46 79 56 46 94 25 80 87 46 42 81 100
84 61 35 94 85 88 100 50 68 100 71 59 64 28 72 48 89 84 53 34 62 86 56 75 44 49 59 47 68 93 100 57 54 69 83 47 42 87 48 38 57 59 36 29 71 71 79 100 46 30 67 82 97 81 89 100 81 60 84 42 24 38 65 35 38 88 76 100 66 38 91 100 63 70 43 43 36 28 54 100 100 97 83 38 52 31 22 31 42 100 94 45 73 87 100 51 46 95 57 54
58 38 85 89 65 66 61 69 90 80 57 39 76 73 57 56 37 59 75 55 58 58 56 90 54 46 100 78 69 64 67 82 81 93 56 38 60 88 39 55 37 85 88 35 82 51 79 94 71 54 100 83 65 65 100 58 82 40 73 63 44 60 86 54 41 100 72 15 74 100 57 96 33 69 100 52 49 55 56 97 74 87 55 66 30 55 55 48 40 100 71 42 58 81 96 73 21 84 100 41
73 58 70 26 29 89 82 100 81 67 73 37 54 100 81 66 89 96 72 81 76 66 71 100 54 13 85 98 71 68 64 61 22 70 100 65 82 75 86 100 78 100 94 58 47 20 52 70 62 45 59 42 85 86 34 4 42 84 100 100 100 43 76 99 46 69 98 58 49 100 49 29 16 92 100 84 100 91 99 60 14 40 53 80 78 100 100 86 92 100 47 71 86 24 48 75 44 99 83 74
74 78 53 67 72 65 41 82 76 66 74 50 81 100 41 55 100 68 26 92 80 58 70 100 55 36 94 66 43 77 80 66 74 71 65 44 88 55 100 68 43 65 73 86 78 47 74 67 75 88 68 66 79 50 69 54 67 88 62 42 93 74 46 80 86 64 57 98 74 98 49 70 71 65 65 68 91 58 76 48 73 49 99 75 70 65 95 55 83 64 74 78 52 67 89 75 44 64 44 94
86 94 28 100 100 57 53 98 44 69 78 100 100 70 85 95 97 95 43 100 77 100 100 81 76 62 27 26 54 99 64 25 100 86 51 54 100 58 84 52 80 81 100 100 99 100 79 72 93 100 91 66 60 30 93 34 40 50 62 36 97 92 72 66 100 83 83 90 62 100 55 94 69 54 58 40 52 75 66 100 100 61 65 59 44 26 26 59 100 82 59 30 55 100 73 98 85 43 58 100
76 100 67 47 65 74 40 47 45 81 66 90 55 46 100 94 56 42 14 76 54 90 49 36 85 100 62 83 72 55 100 79 56 50 73 11 57 49 76 67 78 48 53 55 55 83 62 37 50 55 50 67 90 69 82 34 88 68 77 60 100 71 71 67 64 21 42 73 94 100 63 79 57 70 78 58 49 82 57 76 43 77 84 89 94 90 62 100 50 56 84 57 100 89 37 43 84 63 26 85
87 50 59 85 27 64 100 55 81 49 86 87 83 85 96 100 47 48 48 49 48 80 61 63 84 100 33 46 93 83 66 100 52 62 87 57 49 51 74 72 73 52 73 83 83 54 77 64 40 35 61 73 76 51 52 77 71 54 65 69 100 53 70 86 46 99 96 76 69 44 100 75 49 70 62 86 86 66 45 73 48 54 48 62 100 68 32 99 68 43 55 36 53 33 90 53 49 87 82 86
61 75 100 100 50 47 86 66 66 36 45 26 44 55 38 34 44 100 100 86 38 52 46 55 61 81 24 100 100 39 5 49 100 95 61 78 100 100 98 91 92 77 17 39 61 31 59 93 96 69 71 73 100 65 50 90 87 98 100 43 59 94 86 61 35 78 75 69 84 11 70 92 76 70 23 48 62 64 100 100 93 69 77 77 100 67 60 100 92 73 97 77 75 74 100 81 53 61 53 38
70 43 88 77 70 69 43 82 79 80 80 20 76 100 47 66 90 69 78 51 63 52 64 91 70 93 31 60 100 62 55 69 70 70 70 43 93 94 43 70 70 68 45 95 71 44 77 56 93 71 47 73 100 43 46 97 70 97 57 84 29 61 94 70 69 79 83 67 66 26 90 73 88 70 22 86 78 70 70 96 57 32 83 60 73 75 86 70 69 49 70 89 65 48 96 69 70 72 94 56
76 18 28 24 22 59 57 46 71 100 47 53 68 92 57 100 69 49 42 54 100 97 91 100 81 77 81 19 75 94 48 73 25 42 76 43 49 64 79 76 76 78 100 91 22 61 100 91 62 62 47 44 75 96 77 67 50 75 90 63 63 62 69 23 94 66 45 53 20 22 55 100 100 96 40 61 70 38 76 65 73 75 53 26 39 99 83 41 100 100 97 51 74 91 98 63 70 77 95 53
56 58 85 82 70 81 100 82 51 99 90 100 60 81 53 66 15 71 70 100 80 49 77 74 56 38 96 86 73 56 51 100 89 71 50 73 77 48 90 50 53 58 73 33 85 72 57 94 51 83 87 86 50 96 93 59 71 39 48 44 83 66 100 89 96 37 53 100 89 87 82 57 37 52 68 100 100 42 53 40 84 100 73 96 48 56 91 48 54 76 56 30 97 63 60 85 67 52 88 40
84 100 57 31 97 81 22 66 93 95 99 78 47 90 41 47 100 69 41 54 46 93 92 55 81 97 39 67 100 84 35 87 92 39 40 50 50 28 88 43 47 81 27 56 69 100 84 93 79 64 100 74 94 79 86 27 68 93 25 36 99 91 100 89 43 85 48 92 95 92 53 64 83 61 65 94 99 69 56 97 91 60 88 68 100 84 51 88 86 86 84 85 44 75 27 72 77 40 49 44
28 82 40 80 100 90 53 100 62 35 28 54 98 100 67 60 100 84 68 77 41 72 29 12 69 90 43 47 76 58 62 100 81 66 100 100 89 94 100 100 61 61 94 100 65 64 45 58 50 55 100 68 73 49 84 28 82 100 67 39 70 45 49 20 45 100 85 71 40 63 32 22 60 69 79 96 66 52 66 76 57 55 100 65 77 41 27 67 28 49 58 94 88 80 43 79 100 99 86 79
63 63 60 54 100 82 75 59 83 43 62 42 76 63 100 89 45 76 67 63 63 80 67 14 75 54 94 64 69 75 45 84 57 78 79 100 51 71 59 73 71 92 100 62 78 20 78 88 66 56 74 73 91 81 89 26 74 89 66 86 52 76 42 63 74 84 76 17 74 81 57 51 77 69 94 76 76 89 76 49 75 51 100 83 67 64 49 56 46 100 76 25 83 55 82 71 69 82 75 52
100 94 100 22 39 22 78 84 96 88 100 97 98 37 76 100 75 72 54 81 100 79 69 75 100 47 59 68 56 76 80 67 88 68 48 90 26 64 49 18 48 45 33 29 99 73 68 28 19 37 34 47 96 62 90 82 71 100 100 100 100 77 71 100 73 47 100 88 69 71 100 50 51 70 67 38 65 72 47 48 40 63 70 49 65 93 52 84 100 99 72 62 100 45 51 20 48 68 76 100
58 13 77 85 81 82 94 45 49 59 59 58 58 40 91 63 59 57 46 100 96 46 82 69 60 77 80 81 46 66 100 46 57 42 73 100 60 54 64 80 100 56 71 76 60 89 60 67 82 82 60 85 100 35 35 86 58 59 59 59 76 77 39 58 93 44 57 86 66 26 97 100 69 70 76 53 53 64 80 100 60 75 38 79 72 59 49 100 78 11 57 52 77 84 96 86 78 57 36 82
58 100 69 59 100 100 50 32 74 89 68 57 52 28 93 86 83 32 51 42 51 97 100 93 81 39 92 90 65 53 40 86 85 66 97 90 49 41 66 53 64 81 100 59 83 68 44 100 94 100 80 100 74 90 44 100 60 56 81 64 93 65 67 34 89 52 68 55 94 46 97 100 69 70 31 78 68 93 76 100 94 100 49 70 100 83 100 57 21 48 33 88 67 36 74 77 100 92 89 87
70 83 18 33 89 49 66 100 61 69 89 79 74 41 83 40 70 100 100 77 60 97 56 45 47 78 100 70 56 64 33 91 50 26 46 89 77 56 75 80 70 85 95 44 34 60 96 70 22 53 30 55 17 48 45 100 72 22 35 35 67 62 100 93 98 55 89 47 55 51 100 81 55 81 36 93 40 59 75 87 56 64 21 48 80 56 100 56 89 100 100 96 38 70 96 66 78 56 50 47
70 42 56 57 45 63 100 71 70 80 82 81 82 98 54 70 19 84 67 89 86 81 80 47 81 90 91 68 14 77 57 100 86 62 66 71 45 83 23 56 60 82 56 92 57 39 79 72 49 54 99 80 63 57 57 80 72 13 72 85 64 62 100 62 83 47 80 80 80 81 86 77 38 81 54 100 98 45 81 81 79 46 90 59 68 80 100 67 96 76 83 89 66 86 60 75 53 81 94 32
46 75 100 76 70 69 61 42 22 20 20 41 67 96 53 100 69 21 53 100 62 18 18 56 70 37 67 78 32 77 87 100 100 72 69 89 93 60 27 92 75 82 55 100 100 81 98 100 100 40 50 45 100 100 100 79 47 77 100 22 29 42 75 69 90 86 67 57 18 42 39 94 68 20 35 76 76 67 46 46 66 35 69 78 48 69 53 12 27 15 43 44 47 100 63 49 18 21 56 26
75 48 64 74 90 75 20 82 85 75 75 70 64 95 40 45 95 75 40 86 95 27 71 100 55 36 96 76 48 77 79 64 64 45 72 61 89 80 56 66 65 82 55 100 73 39 64 64 65 75 51 73 100 50 83 44 75 95 46 43 100 76 47 79 51 88 66 91 71 82 43 48 98 75 68 61 47 100 76 43 64 73 86 87 21 70 88 75 75 53 70 62 90 92 40 75 75 75 75 75
58 68 84 100 71 98 89 62 59 91 51 88 81 99 82 25 29 59 100 75 88 62 100 66 38 16 80 66 20 78 91 40 78 55 72 100 82 68 100 71 72 63 77 51 29 53 47 22 41 94 70 68 35 65 50 41 58 25 37 100 100 91 66 98 39 82 82 82 100 100 52 75 52 58 76 39 41 100 98 62 90 89 42 100 100 51 100 98 96 69 69 35 47 35 23 81 100 100 100 100
98 73 57 83 34 55 91 64 41 83 87 98 41 41 45 81 66 85 100 42 83 49 45 49 91 72 100 100 39 76 100 53 53 40 65 97 35 52 100 72 80 65 86 49 97 100 68 78 94 81 65 60 29 87 92 92 91 75 100 54 59 76 42 54 41 90 43 21 46 99 57 81 58 98 100 50 40 93 55 30 59 100 57 36 100 65 63 38 80 65 63 60 84 98 72 58 96 30 32 51
90 100 69 70 33 83 86 87 94 38 78 97 49 49 43 40 61 57 100 68 85 22 45 58 87 100 38 63 100 62 71 85 83 91 51 58 82 85 67 67 100 87 95 47 89 89 86 100 42 55 88 53 89 46 51 82 71 100 75 46 41 62 99 82 46 91 51 48 49 40 83 57 100 91 84 50 40 99 83 98 56 77 75 55 72 75 57 80 57 100 52 61 44 100 54 52 53 49 49 64
22 76 29 81 51 24 37 63 100 54 15 65 99 86 69 61 90 98 87 40 91 83 100 91 99 100 69 86 100 84 52 34 56 100 100 76 56 48 23 66 63 26 87 34 22 42 62 76 58 79 100 98 96 26 45 91 88 79 15 91 64 42 79 39 52 80 100 100 78 50 85 43 78 23 37 39 56 76 62 74 66 52 32 45 43 75 76 70 54 100 77 100 100 51 48 79 91 100 100 100
70 97 52 63 85 75 46 69 69 69 70 46 76 84 62 54 76 71 61 83 55 100 74 47 69 69 82 79 44 70 96 38 52 96 69 97 55 84 25 66 92 72 93 44 69 69 69 44 93 71 47 73 100 45 46 97 69 70 72 92 29 62 100 60 83 36 55 73 74 59 90 74 89 71 49 73 91 43 69 43 82 100 56 80 20 75 100 41 49 97 70 69 66 48 100 75 46 69 69 81
89 90 54 70 52 100 89 15 62 71 82 100 68 100 92 72 100 69 35 45 31 75 24 49 42 36 19 79 42 23 90 87 55 37 79 80 86 100 82 96 100 100 91 100 95 66 77 84 100 61 43 98 86 56 87 100 51 78 77 34 62 100 100 94 96 33 36 59 66 55 47 50 100 90 51 64 100 71 23 22 81 100 100 100 46 75 100 89 75 63 100 100 40 71 67 100 71 24 62 39
66 78 61 99 38 43 100 79 45 41 55 100 67 67 22 51 100 68 63 78 50 100 87 100 62 95 54 56 71 90 61 61 83 19 58 42 67 60 56 52 49 47 29 94 78 36 49 55 67 83 37 52 78 89 56 73 68 73 54 55 100 56 56 57 94 40 59 83 91 100 80 73 100 74 60 86 53 57 86 52 80 69 65 60 13 75 73 64 86 16 49 100 60 87 26 47 96 87 98 51
48 77 86 59 89 41 53 100 59 42 47 72 90 78 29 79 30 70 100 35 42 100 80 66 89 61 69 93 67 97 94 36 55 96 84 54 46 82 94 66 30 40 37 79 63 76 42 76 91 84 60 60 47 100 86 35 48 37 80 59 100 84 84 84 92 79 78 88 81 100 58 91 100 92 36 90 52 36 70 68 81 93 69 33 95 65 68 90 87 31 42 78 90 92 66 58 100 65 81 93
100 67 23 68 94 79 36 37 100 100 81 70 59 100 75 76 35 71 100 95 58 92 72 52 59 100 100 64 30 27 93 58 53 75 27 98 100 61 79 88 59 82 41 69 79 100 98 63 49 82 66 83 9 50 89 55 100 58 83 75 93 41 57 58 32 24 36 56 72 92 55 37 59 27 29 99 100 95 66 68 75 66 54 71 100 81 36 32 84 56 96 66 58 58 49 51 88 63 28 44
75 100 51 89 30 59 87 66 98 48 63 69 75 97 40 51 76 71 92 79 90 26 65 95 75 75 63 65 95 64 73 66 55 73 66 100 56 70 75 75 42 78 73 66 75 47 79 100 55 81 45 75 67 70 88 44 75 45 85 82 60 62 97 75 66 75 82 66 65 26 84 56 95 64 71 75 75 89 76 72 58 63 73 64 69 75 93 50 83 62 69 53 75 75 88 69 18 82 75 53
73 78 61 78 44 61 75 73 44 27 98 45 20 100 64 51 97 96 86 41 85 26 65 94 73 73 58 16 39 71 43 54 55 100 100 72 47 22 37 48 35 100 100 74 72 74 69 100 84 93 90 73 100 79 66 58 20 54 68 61 38 70 53 78 74 66 68 70 70 25 58 29 97 93 66 36 18 44 98 97 90 27 27 66 46 20 92 100 95 90 43 54 72 36 45 100 71 100 61 87
56 53 79 61 48 76 78 92 93 92 79 49 83 88 28 52 93 57 93 57 85 28 65 84 56 56 61 83 58 89 59 83 57 91 56 39 88 86 96 74 21 84 100 41 57 88 62 48 49 43 85 59 92 43 46 100 83 100 57 83 58 75 14 67 91 71 57 73 74 69 97 68 100 69 74 53 72 76 59 57 56 78 83 82 83 83 36 70 44 93 83 65 61 100 66 61 35 58 55 100
35 46 60 99 44 74 63 68 100 100 57 67 99 42 36 89 100 58 71 92 96 95 73 33 33 14 79 100 46 87 40 76 82 37 35 78 53 59 100 95 57 47 50 55 66 59 93 84 72 46 96 84 60 38 49 100 100 100 53 45 85 46 67 53 100 69 56 73 74 100 100 94 69 46 28 40 35 85 84 57 34 72 100 71 100 100 47 33 42 85 100 75 35 84 95 31 79 83 77 100
100 94 98 75 31 66 73 100 53 51 92 58 27 73 87 48 70 80 48 55 35 59 74 57 96 90 100 52 13 64 72 100 96 67 94 93 37 50 84 45 76 92 89 100 89 48 56 56 49 55 82 33 81 100 46 80 45 84 52 32 85 94 100 63 57 6 47 66 85 76 63 95 75 84 81 100 74 100 33 73 100 29 62 59 80 33 67 79 45 67 56 98 100 22 54 79 85 41 12 60
