100 100
70000 71692 73356 74968 76506 77949 79280 80487 81555 82476 83242 83847 84288 84563 84672 84617 84401 84030 83508 82844 82045 81123 80086 78947 77719 76412 75042 73622 72166 70689 69204 67728 66274 64857 63491 62190 60967 59835 58806 57892 57103 56449 55938 55577 55372 55329 55450 55737 56190 56807 57584 58516 59594 60810 62150 63601 65144 66760 68428 70121 71824 73553 75329 77165 79068 81043 83088 85200 87372 89592 91849 94128 96413 98687 100000 100000 100000 100000 100000 100000 100000 100000 100000 100000 100000 100000 100000 100000 100000 100000 100000 100000 100000 100000 100000 100000 100000 100000 100000 100000
70000 71692 73356 74968 76506 77949 79280 80487 81555 82476 83242 83847 84288 84563 84672 84617 84401 84029 83507 82843 82044 81121 80085 78946 77717 76411 75040 73620 72164 70686 69202 67725 66271 64854 63488 62187 60964 59832 58803 57889 57100 56445 55934 55573 55368 55325 55446 55733 56185 56802 57579 58511 59590 60805 62146 63596 65139 66756 68423 70116 71819 73548 75322 77155 79054 81022 83059 85160 87318 89523 91761 94018 96279 98526 100000 100000 100000 100000 100000 100000 100000 100000 100000 100000 100000 100000 100000 100000 100000 100000 100000 100000 100000 100000 100000 100000 100000 100000 100000 100000
70000 71692 73356 74968 76506 77948 79280 80486 81554 82475 83241 83845 84286 84560 84669 84613 84397 84024 83502 82837 82037 81114 80076 78937 77707 76399 75028 73607 72150 70671 69186 67708 66253 64835 63468 62166 60942 59809 58779 57864 57074 56419 55907 55545 55340 55296 55417 55703 56156 56772 57549 58480 59559 60774 62115 63565 65108 66725 68392 70085 71788 73516 75289 77119 79013 80975 83003 85094 87238 89426 91645 93881 96117 98337 100000 100000 100000 100000 100000 100000 100000 100000 100000 100000 100000 100000 100000 100000 100000 100000 100000 100000 100000 100000 100000 100000 100000 100000 100000 100000
70000 71692 73356 74968 76505 77948 79279 80485 81553 82473 83238 83842 84281 84554 84662 84605 84387 84012 83488 82821 82020 81094 80055 78913 77680 76371 74997 73573 72113 70632 69144 67664 66207 64786 63417 62112 60886 59751 58719 57802 57010 56353 55839 55476 55269 55224 55343 55628 56079 56695 57471 58402 59480 60695 62035 63485 65028 66645 68312 70005 71707 73435 75206 77033 78923 80878 82898 84977 87108 89279 91479 93692 95903 98095 100000 100000 100000 100000 100000 100000 100000 100000 100000 100000 100000 100000 100000 100000 100000 100000 100000 100000 100000 100000 100000 100000 100000 100000 100000 100000
70000 71692 73356 74968 76505 77947 79278 80483 81550 82469 83232 83834 84272 84543 84648 84589 84368 83991 83463 82793 81988 81058 80015 78868 77632 76318 74940 73511 72047 70561 69068 67584 66122 64696 63322 62013 60783 59643 58608 57687 56891 56231 55714 55347 55138 55090 55207 55490 55940 56554 57328 58258 59335 60550 61889 63339 64881 66498 68165 69858 71561 73288 75057 76881 78766 80715 82725 84792 86909 89063 91243 93433 95619 97782 99905 100000 100000 100000 100000 100000 100000 100000 100000 100000 100000 100000 100000 100000 100000 100000 100000 100000 100000 100000 100000 100000 100000 100000 100000 100000
70000 71692 73356 74968 76504 77946 79276 80480 81545 82462 83224 83823 84258 84526 84628 84564 84339 83957 83424 82748 81938 81002 79953 78800 77557 76236 74851 73415 71944 70451 68951 67459 65989 64557 63176 61860 60623 59477 58435 57509 56707 56041 55519 55148 54935 54883 54996 55276 55723 56334 57107 58035 59111 60324 61662 63112 64654 66270 67938 69631 71333 73059 74827 76648 78528 80469 82470 84526 86627 88764 90923 93090 95249 97383 99474 100000 100000 100000 100000 100000 100000 100000 100000 100000 100000 100000 100000 100000 100000 100000 100000 100000 100000 100000 100000 100000 100000 100000 100000 100000
70000 71692 73356 74967 76503 77944 79273 80475 81539 82453 83212 83808 84239 84502 84599 84530 84298 83910 83370 82687 81868 80924 79866 78704 77451 76121 74726 73281 71799 70296 68786 67284 65804 64362 62971 61646 60399 59245 58194 57259 56450 55776 55247 54870 54650 54592 54701 54976 55419 56027 56797 57722 58796 60008 61345 62794 64336 65952 67619 69312 71014 72740 74506 76323 78198 80132 82123 84166 86252 88371 90509 92652 94783 96886 98944 100000 100000 100000 100000 100000 100000 100000 100000 100000 100000 100000 100000 100000 100000 100000 100000 100000 100000 100000 100000 100000 100000 100000 100000 99648
70000 71692 73356 74967 76502 77942 79269 80470 81530 82442 83196 83788 84214 84471 84561 84484 84245 83848 83299 82606 81777 80822 79752 78578 77314 75971 74563 73105 71610 70093 68570 67055 65562 64107 62703 61366 60107 58940 57878 56932 56113 55430 54891 54505 54277 54213 54314 54584 55022 55625 56391 57313 58385 59594 60930 62377 63919 65534 67202 68895 70596 72321 74086 75900 77769 79695 81676 83706 85777 87877 89993 92110 94213 96285 98309 100000 100000 100000 100000 100000 100000 100000 100000 100000 100000 100000 100000 100000 100000 100000 100000 100000 100000 100000 100000 100000 100000 100000 99930 97789
70000 71692 73356 74966 76501 77939 79265 80462 81520 82427 83177 83763 84182 84432 84514 84428 84179 83771 83210 82505 81663 80695 79610 78422 77142 75784 74360 72885 71374 69841 68302 66770 65261 63789 62370 61016 59743 58561 57485 56525 55693 54998 54448 54051 53813 53740 53833 54095 54527 55124 55886 56804 57872 59079 60413 61859 63400 65015 66682 68375 70077 71801 73563 75374 77237 79156 81126 83143 85197 87277 89370 91462 93536 95576 97564 99483 100000 100000 100000 100000 100000 100000 100000 100000 100000 100000 100000 100000 100000 100000 100000 100000 100000 100000 100000 100000 100000 100000 97998 95821
70000 71692 73355 74965 76499 77936 79259 80454 81507 82410 83154 83733 84144 84385 84457 84361 84099 83679 83104 82384 81527 80542 79441 78235 76936 75559 74116 72622 71092 69539 67979 66428 64899 63408 61970 60598 59306 58107 57014 56038 55190 54480 53916 53506 53257 53172 53256 53510 53933 54524 55279 56193 57257 58461 59793 61238 62777 64392 66059 67752 69453 71177 72937 74744 76602 78512 80471 82474 84511 86571 88640 90705 92749 94756 96708 98587 100000 100000 100000 100000 100000 100000 100000 100000 100000 100000 100000 100000 100000 100000 100000 100000 100000 100000 100000 100000 100000 98059 95958 93747
70000 71692 73355 74965 76497 77932 79253 80444 81493 82390 83127 83698 84100 84331 84391 84282 84007 83571 82981 82243 81368 80364 79243 78016 76697 75298 73833 72316 70762 69187 67604 66030 64478 62965 61504 60110 58797 57577 56464 55469 54604 53876 53297 52872 52609 52512 52584 52827 53242 53825 54574 55482 56541 57742 59071 60514 62053 63667 65333 67026 68728 70450 72208 74011 75863 77764 79712 81701 83720 85759 87804 89842 91855 93828 95742 97582 99330 100000 100000 100000 100000 100000 100000 100000 100000 100000 100000 100000 100000 100000 100000 100000 100000 100000 100000 99839 97965 95952 93815 91573
70000 71692 73355 74964 76495 77928 79245 80432 81476 82366 83096 83658 84050 84269 84316 84193 83902 83449 82840 82083 81187 80162 79018 77768 76425 75001 73510 71968 70388 68787 67178 65577 63999 62460 60974 59556 58218 56976 55840 54824 53937 53191 52593 52151 51872 51761 51820 52052 52456 53030 53771 54673 55728 56924 58251 59691 61229 62842 64508 66201 67903 69624 71380 73179 75025 76917 78853 80827 82828 84845 86866 88875 90857 92795 94672 96471 98175 99767 100000 100000 100000 100000 100000 100000 100000 100000 100000 100000 100000 100000 100000 100000 100000 100000 99472 97711 95798 93749 91580 89308
70000 71691 73355 74962 76492 77923 79237 80419 81457 82341 83062 83614 83994 84200 84233 84093 83785 83313 82684 81905 80986 79937 78768 77492 76122 74670 73152 71581 69972 68341 66703 65073 63467 61899 60385 58938 57574 56306 55145 54105 53195 52427 51809 51349 51052 50925 50970 51188 51581 52145 52878 53773 54822 56014 57337 58775 60311 61924 63590 65283 66984 68705 70459 72253 74092 75976 77900 79858 81840 83836 85831 87811 89761 91663 93502 95259 96919 98465 99881 100000 100000 100000 100000 100000 100000 100000 100000 100000 100000 100000 100000 100000 100000 98933 97295 95494 93544 91462 89262 86964
70000 71691 73354 74961 76489 77917 79228 80405 81437 82313 83024 83566 83933 84125 84141 83984 83656 83164 82512 81710 80766 79690 78494 77190 75790 74308 72759 71156 69516 67853 66183 64521 62883 61284 59739 58263 56869 55572 54384 53318 52384 51592 50951 50470 50155 50010 50039 50243 50623 51177 51900 52788 53830 55018 56337 57773 59307 60919 62585 64278 65979 67699 69450 71240 73073 74947 76858 78801 80764 82737 84706 86657 88574 90441 92240 93956 95571 97070 98437 99658 100000 100000 100000 100000 100000 100000 100000 100000 100000 100000 100000 99548 98224 96717 95038 93200 91217 89104 86877 84554
70000 71691 73354 74960 76486 77912 79218 80390 81415 82282 82984 83513 83867 84044 84043 83867 83518 83003 82328 81500 80529 79425 78199 76864 75432 73918 72335 70699 69025 67328 65623 63927 62255 60622 59044 57535 56110 54782 53565 52470 51508 50691 50027 49524 49187 49024 49035 49225 49591 50133 50847 51726 52761 53944 55259 56693 58225 59836 61502 63194 64895 66614 68363 70149 71974 73839 75738 77664 79608 81558 83501 85422 87306 89136 90896 92570 94140 95592 96910 98081 99090 99926 100000 100000 100000 100000 100000 100000 100000 99506 98526 97348 95981 94434 92718 90845 88830 86689 84438 82094
70000 71691 73353 74958 76483 77905 79208 80374 81392 82250 82941 83458 83797 83957 83938 83742 83372 82833 82132 81276 80277 79142 77885 76517 75052 73503 71885 70213 68503 66769 65027 63295 61586 59918 58304 56761 55302 53942 52693 51568 50578 49734 49044 48517 48159 47975 47969 48142 48494 49024 49726 50596 51625 52802 54113 55544 57075 58685 60350 62043 63743 65461 67208 68989 70808 72662 74548 76458 78383 80310 82226 84117 85967 87761 89481 91112 92638 94043 95312 96432 97389 98173 98773 99181 99390 99395 99193 98782 98163 97339 96313 95092 93685 92099 90348 88444 86401 84235 81962 79600
70000 71691 73353 74957 76479 77899 79197 80357 81367 82216 82896 83400 83724 83867 83828 83611 83217 82653 81925 81042 80012 78846 77556 76153 74653 73068 71413 69703 67954 66182 64402 62631 60884 59178 57528 55948 54454 53059 51778 50621 49601 48728 48012 47460 47079 46874 46848 47005 47342 47858 48550 49411 50432 51603 52910 54337 55866 57476 59140 60833 62534 64251 65994 67771 69583 71427 73300 75194 77098 79002 80891 82752 84569 86326 88006 89595 91076 92434 93655 94724 95630 96362 96910 97265 97422 97376 97123 96663 95997 95127 94058 92796 91350 89730 87947 86014 83945 81758 79467 77091
70000 71691 73352 74955 76476 77892 79185 80340 81342 82181 82849 83339 83648 83773 83714 83475 83057 82467 81712 80798 79737 78538 77213 75776 74238 72615 70922 69173 67385 65572 63753 61942 60156 58410 56721 55104 53573 52143 50827 49638 48587 47684 46940 46363 45958 45731 45686 45824 46146 46648 47329 48180 49193 50358 51661 53085 54612 56220 57885 59577 61278 62994 64735 66507 68312 70146 72006 73883 75768 77648 79510 81340 83123 84844 86485 88032 89468 90780 91952 92972 93828 94509 95005 95310 95416 95319 95018 94511 93799 92886 91776 90477 88995 87343 85531 83572 81482 79276 76971 74584
70000 71691 73352 74954 76472 77885 79174 80322 81316 82145 82801 83277 83569 83676 83597 83335 82893 82276 81492 80548 79455 78222 76862 75388 73813 72151 70418 68629 66800 64947 63086 61234 59407 57622 55893 54237 52669 51203 49851 48628 47545 46613 45840 45236 44806 44557 44491 44612 44917 45406 46074 46916 47921 49080 50378 51799 53324 54931 56595 58288 59988 61703 63442 65209 67006 68831 70677 72538 74402 76259 78095 79895 81644 83328 84930 86435 87828 89094 90219 91190 91997 92628 93074 93329 93386 93242 92894 92342 91587 90634 89486 88151 86637 84956 83118 81137 79029 76808 74492 72098
70000 71691 73351 74952 76469 77878 79162 80304 81290 82109 82752 83214 83490 83578 83478 83193 82726 82082 81268 80294 79168 77901 76505 74993 73380 71679 69906 68076 66205 64311 62408 60515 58647 56820 55052 53357 51750 50246 48859 47602 46486 45523 44721 44090 43636 43364 43277 43379 43668 44143 44799 45631 46628 47780 49074 50492 52015 53621 55284 56977 58677 60391 62127 63890 65680 67494 69328 71172 73016 74849 76658 78428 80144 81792 83356 84819 86169 87390 88469 89393 90151 90734 91132 91339 91350 91159 90767 90173 89378 88386 87203 85836 84294 82587 80727 78728 76604 74373 72049 69652
70000 71691 73351 74951 76465 77871 79150 80285 81263 82072 82703 83150 83409 83479 83358 83050 82557 81886 81044 80038 78879 77577 76145 74597 72944 71204 69390 67519 65607 63671 61726 59791 57881 56014 54205 52470 50825 49284 47861 46569 45421 44426 43596 42937 42458 42163 42056 42139 42412 42872 43516 44338 45327 46473 47761 49176 50697 52302 53965 55658 57358 59071 60804 62562 64345 66149 67970 69797 71622 73432 75214 76954 78638 80250 81776 83199 84506 85683 86717 87596 88308 88844 89195 89357 89322 89089 88655 88021 87189 86162 84947 83551 81983 80254 78375 76362 74227 71988 69662 67265
70000 71691 73350 74949 76461 77864 79138 80267 81236 82035 82654 83087 83330 83380 83239 82907 82390 81692 80820 79783 78591 77255 75787 74201 72511 70730 68876 66964 65011 63033 61047 59069 57118 55210 53361 51587 49903 48325 46866 45540 44359 43334 42474 41788 41284 40966 40838 40903 41159 41606 42238 43049 44030 45170 46454 47865 49384 50988 52651 54343 56043 57755 59486 61239 63015 64809 66616 68427 70233 72020 73776 75487 77139 78716 80204 81588 82855 83989 84979 85813 86480 86972 87279 87397 87320 87046 86573 85902 85036 83978 82734 81313 79723 77975 76082 74057 71915 69673 67347 64955
70000 71691 73350 74948 76458 77857 79127 80249 81210 81999 82605 83024 83251 83283 83121 82767 82225 81499 80599 79531 78307 76937 75434 73811 72082 70263 68370 66417 64423 62403 60376 58358 56366 54417 52528 50715 48994 47379 45885 44525 43311 42255 41367 40655 40126 39785 39637 39683 39924 40356 40976 41777 42751 43884 45163 46572 48089 49692 51354 53046 54746 56457 58185 59934 61703 63487 65281 67076 68862 70627 72357 74040 75660 77204 78655 80002 81228 82321 83269 84061 84685 85134 85400 85477 85360 85048 84539 83834 82937 81851 80582 79138 77530 75767 73863 71831 69686 67444 65123 62739
70000 71691 73350 74946 76454 77850 79115 80231 81185 81963 82558 82963 83174 83188 83006 82630 82063 81312 80383 79286 78030 76627 75089 73430 71664 69807 67875 65883 63848 61789 59721 57663 55631 53643 51715 49864 48105 46455 44926 43533 42288 41203 40286 39548 38995 38632 38464 38493 38717 39136 39744 40536 41501 42628 43903 45308 46824 48425 50087 51780 53479 55189 56915 58659 60421 62196 63977 65756 67523 69266 70971 72626 74216 75727 77143 78453 79641 80695 81602 82353 82937 83346 83572 83610 83457 83110 82568 81833 80908 79796 78506 77045 75421 73648 71736 69701 67557 65319 63006 60634
70000 71691 73349 74944 76450 77844 79104 80214 81160 81929 82513 82904 83099 83096 82895 82497 81907 81130 80175 79048 77762 76327 74755 73062 71260 69367 67396 65366 63293 61195 59088 56991 54921 52894 50929 49041 47247 45562 44000 42575 41300 40185 39242 38479 37902 37518 37331 37342 37551 37957 38554 39336 40294 41415 42686 44088 45601 47202 48864 50556 52255 53964 55688 57428 59182 60948 62717 64480 66229 67950 69631 71259 72819 74298 75681 76955 78107 79123 79992 80705 81250 81621 81810 81813 81626 81247 80675 79913 78964 77831 76523 75047 73413 71632 69718 67683 65543 63314 61013 58657
70000 71691 73349 74943 76447 77838 79094 80198 81136 81896 82469 82848 83028 83009 82789 82370 81758 80957 79975 78821 77506 76040 74437 72710 70875 68946 66940 64873 62763 60628 58484 56350 54242 52180 50179 48256 46428 44709 43115 41660 40356 39214 38244 37457 36858 36454 36248 36243 36438 36831 37417 38190 39141 40257 41523 42922 44434 46033 47695 49387 51086 52794 54515 56251 57999 59755 61512 63261 64991 66692 68350 69951 71483 72931 74282 75522 76639 77619 78453 79129 79638 79974 80130 80100 79882 79474 78876 78090 77120 75970 74647 73161 71520 69736 67821 65791 63659 61442 59157 56821
70000 71691 73348 74942 76444 77832 79084 80183 81114 81865 82428 82795 82961 82926 82688 82251 81617 80794 79787 78608 77264 75770 74136 72378 70511 68549 66509 64408 62263 60093 57914 55744 53602 51505 49471 47515 45654 43905 42281 40797 39465 38297 37303 36493 35874 35450 35227 35206 35387 35768 36344 37109 38053 39163 40426 41822 43332 44931 46592 48284 49983 51690 53409 55140 56882 58629 60374 62109 63822 65503 67138 68715 70219 71638 72959 74167 75250 76197 76996 77639 78115 78418 78543 78483 78237 77804 77183 76377 75390 74226 72893 71399 69755 67972 66062 64040 61920 59719 57453 55140
70000 71691 73348 74940 76441 77826 79074 80168 81093 81837 82390 82745 82899 82849 82595 82140 81487 80642 79613 78409 77040 75518 73857 72070 70172 68179 66108 63975 61798 59595 57383 55181 53007 50878 48812 46825 44935 43156 41505 39994 38636 37444 36428 35597 34958 34516 34277 34242 34410 34780 35347 36104 37041 38147 39405 40799 42307 43906 45566 47259 48957 50663 52380 54107 55842 57581 59315 61035 62732 64394 66007 67560 69039 70431 71722 72899 73952 74867 75635 76246 76692 76966 77062 76976 76706 76250 75610 74787 73786 72612 71273 69776 68132 66353 64451 62441 60337 58155 55913 53626
70000 71691 73347 74939 76439 77821 79066 80155 81074 81811 82355 82700 82842 82779 82510 82038 81367 80503 79453 78226 76834 75288 73601 71787 69862 67841 65741 63579 61372 59139 56898 54666 52462 50304 48209 46194 44277 42471 40794 39259 37878 36664 35627 34776 34119 33662 33408 33359 33516 33875 34434 35183 36115 37216 38471 39863 41370 42967 44628 46320 48018 49723 51438 53161 54890 56620 58344 60051 61732 63375 64968 66499 67953 69318 70582 71732 72755 73641 74380 74962 75381 75628 75698 75589 75298 74824 74167 73332 72321 71140 69798 68301 66662 64891 63001 61006 58921 56762 54546 52290
70000 71691 73347 74938 76436 77817 79058 80144 81057 81787 82323 82659 82791 82716 82433 81947 81259 80378 79309 78063 76650 75082 73372 71534 69584 67538 65412 63223 60990 58731 56462 54204 51973 49789 47668 45628 43686 41857 40156 38599 37197 35963 34908 34040 33367 32895 32627 32567 32713 33064 33614 34357 35284 36381 37633 39023 40528 42125 43785 45477 47176 48880 50592 52312 54035 55757 57470 59165 60831 62457 64030 65539 66971 68312 69550 70673 71670 72529 73241 73798 74191 74414 74463 74334 74025 73535 72866 72021 71004 69820 68478 66986 65354 63594 61720 59744 57681 55549 53362 51139
70000 71691 73347 74937 76434 77813 79052 80133 81042 81766 82296 82624 82746 82660 82366 81867 81165 80268 79183 77920 76488 74901 73170 71312 69340 67272 65123 62912 60655 58372 56081 53799 51545 49338 47194 45132 43168 41318 39598 38021 36601 35350 34278 33395 32708 32223 31944 31873 32010 32352 32896 33634 34555 35649 36899 38286 39791 41387 43047 44739 46437 48140 49851 51567 53285 54999 56702 58385 60037 61646 63202 64691 66101 67419 68634 69733 70705 71540 72228 72761 73132 73335 73364 73218 72894 72393 71715 70863 69843 68660 67322 65837 64217 62472 60616 58662 56626 54522 52368 50180
70000 71690 73347 74937 76432 77809 79046 80125 81030 81749 82272 82594 82708 82613 82309 81799 81085 80176 79077 77798 76351 74747 73000 71123 69133 67046 64878 62647 60371 58068 55757 53455 51181 48954 46792 44711 42729 40861 39124 37530 36095 34829 33743 32847 32148 31652 31363 31284 31413 31749 32287 33019 33937 35028 36275 37661 39165 40760 42420 44112 45810 47513 49221 50934 52647 54354 56048 57719 59358 60952 62491 63961 65351 66649 67841 68918 69868 70681 71348 71860 72212 72397 72410 72250 71915 71405 70721 69867 68847 67668 66337 64863 63257 61531 59696 57768 55760 53688 51569 49419
70000 71690 73346 74936 76431 77807 79042 80118 81019 81735 82254 82569 82677 82575 82263 81744 81021 80100 78990 77700 76240 74622 72861 70970 68966 66863 64680 62433 60141 57821 55494 53176 50886 48643 46465 44369 42372 40490 38739 37132 35684 34406 33309 32403 31694 31189 30892 30805 30928 31259 31792 32521 33436 34523 35769 37154 38657 40252 41912 43604 45302 47004 48710 50419 52127 53828 55513 57174 58800 60380 61903 63356 64728 66006 67179 68236 69166 69959 70607 71102 71437 71607 71607 71437 71093 70577 69891 69037 68021 66849 65529 64069 62480 60775 58965 57064 55088 53051 50969 48860
70000 71690 73346 74936 76430 77804 79038 80112 81012 81724 82239 82551 82654 82546 82228 81702 80971 80043 78924 77625 76155 74528 72756 70854 68838 66724 64529 62270 59966 57634 55294 52964 50663 48408 46218 44110 42102 40209 38447 36830 35373 34086 32980 32066 31350 30838 30535 30443 30561 30887 31417 32143 33055 34141 35386 36770 38272 39867 41526 43218 44916 46617 48322 50028 51732 53426 55103 56754 58369 59936 61444 62882 64237 65498 66653 67692 68604 69380 70011 70491 70812 70970 70960 70782 70433 69915 69229 68379 67369 66207 64900 63458 61890 60208 58425 56555 54612 52612 50570 48503
70000 71690 73346 74935 76429 77803 79036 80109 81006 81717 82230 82538 82638 82527 82205 81674 80939 80005 78880 77575 76099 74465 72686 70777 68753 66631 64428 62161 59849 57509 55161 52823 50513 48250 46052 43937 41921 40021 38252 36628 35164 33871 32760 31840 31119 30603 30296 30200 30315 30639 31166 31890 32801 33886 35129 36512 38014 39609 41268 42960 44658 46358 48062 49765 51464 53153 54822 56464 58068 59623 61118 62542 63882 65127 66266 67289 68186 68947 69564 70031 70341 70490 70473 70290 69939 69421 68738 67895 66895 65746 64455 63032 61487 59831 58078 56240 54333 52372 50371 48348
70000 71690 73346 74935 76429 77802 79035 80107 81004 81713 82225 82532 82630 82517 82193 81660 80922 79986 78859 77550 76071 74433 72651 70738 68711 66585 64378 62107 59791 57447 55095 52752 50439 48172 45970 43851 41831 39927 38155 36528 35061 33765 32651 31729 31005 30487 30178 30080 30193 30515 31042 31765 32675 33759 35002 36385 37886 39481 41140 42832 44530 46230 47932 49632 51328 53011 54674 56307 57901 59446 60929 62339 63665 64897 66022 67031 67915 68663 69269 69726 70027 70169 70148 69963 69612 69097 68421 67586 66598 65465 64193 62791 61271 59644 57923 56120 54250 52329 50372 48393
70000 71690 73346 74935 76429 77802 79035 80107 81004 81713 82225 82532 82631 82518 82193 81661 80923 79986 78859 77551 76072 74434 72652 70740 68712 66587 64380 62109 59793 57449 55097 52755 50441 48174 45973 43854 41834 39930 38158 36532 35064 33768 32655 31732 31009 30491 30182 30084 30197 30520 31046 31769 32679 33763 35006 36389 37890 39485 41145 42837 44534 46234 47934 49632 51324 53002 54659 56285 57870 59405 60877 62276 63590 64810 65923 66920 67792 68531 69127 69576 69872 70009 69986 69801 69453 68944 68276 67453 66480 65364 64113 62735 61243 59646 57957 56191 54360 52480 50567 48635
70000 71690 73346 74935 76429 77803 79036 80109 81007 81717 82230 82539 82639 82528 82206 81675 80940 80007 78883 77577 76102 74468 72689 70781 68758 66636 64433 62167 59855 57516 55168 52830 50521 48258 46061 43946 41930 40031 38262 36639 35175 33883 32772 31852 31132 30616 30309 30213 30328 30652 31179 31904 32814 33899 35143 36526 38028 39622 41282 42974 44671 46370 48069 49766 51454 53128 54779 56398 57975 59501 60964 62353 63657 64866 65968 66956 67819 68549 69139 69582 69873 70009 69987 69804 69462 68960 68303 67493 66537 65441 64212 62861 61397 59832 58178 56449 54658 52821 50952 49067
70000 71690 73346 74936 76430 77805 79038 80113 81012 81725 82240 82552 82655 82548 82230 81705 80975 80047 78929 77630 76161 74534 72763 70862 68847 66733 64539 62281 59978 57647 55308 52978 50678 48424 46234 44127 42120 40228 38466 36851 35393 34107 33002 32088 31373 30862 30559 30467 30586 30912 31442 32168 33081 34167 35411 36795 38297 39892 41552 43244 44941 46640 48338 50032 51717 53387 55033 56646 58217 59735 61189 62569 63864 65064 66158 67138 67993 68717 69302 69742 70032 70168 70148 69970 69635 69143 68499 67705 66767 65692 64488 63164 61730 60198 58580 56889 55139 53344 51520 49682
70000 71690 73346 74936 76431 77807 79042 80118 81020 81736 82255 82571 82680 82578 82267 81748 81026 80106 78997 77708 76249 74632 72872 70983 68979 66878 64696 62450 60159 57842 55515 53199 50910 48669 46492 44397 42401 40520 38770 37165 35717 34441 33345 32439 31731 31227 30931 30844 30968 31299 31832 32562 33476 34565 35811 37195 38698 40293 41953 43645 45342 47040 48737 50430 52113 53779 55420 57028 58592 60103 61551 62923 64211 65403 66491 67464 68314 69033 69615 70053 70343 70482 70466 70295 69969 69489 68859 68082 67165 66112 64934 63638 62235 60737 59155 57503 55794 54042 52263 50472
70000 71690 73347 74937 76433 77810 79047 80126 81031 81751 82275 82597 82712 82618 82315 81806 81093 80185 79087 77810 76365 74762 73017 71142 69154 67069 64903 62674 60400 58099 55789 53489 51218 48993 46832 44753 42773 40907 39171 37580 36146 34881 33797 32902 32204 31710 31422 31343 31473 31809 32348 33081 33999 35090 36338 37724 39228 40823 42483 44175 45872 47570 49266 50957 52637 54300 55938 57541 59100 60605 62046 63413 64694 65881 66963 67931 68777 69494 70074 70513 70805 70947 70937 70775 70459 69993 69379 68620 67724 66695 65543 64277 62905 61441 59896 58282 56614 54906 53171 51425
70000 71691 73347 74937 76434 77813 79053 80135 81044 81769 82299 82628 82752 82667 82375 81877 81177 80282 79199 77938 76508 74923 73195 71339 69371 67305 65159 62950 60697 58417 56128 53849 51598 49394 47253 45194 43232 41385 39667 38093 36675 35426 34356 33475 32790 32306 32029 31959 32097 32441 32985 33724 34646 35740 36990 38378 39882 41478 43138 44831 46528 48225 49920 51610 53288 54948 56582 58181 59736 61236 62672 64034 65310 66492 67570 68535 69378 70094 70674 71115 71411 71558 71556 71403 71100 70648 70050 69311 68437 67433 66308 65071 63731 62301 60793 59217 57590 55923 54232 52532
70000 71691 73347 74938 76437 77817 79060 80145 81060 81791 82328 82666 82799 82725 82445 81961 81276 80397 79331 78088 76678 75113 73407 71573 69627 67584 65462 63278 61049 58793 56529 54275 52049 49868 47751 45715 43777 41951 40255 38700 37302 36071 35019 34153 33483 33013 32747 32689 32837 33189 33740 34485 35412 36509 37762 39152 40658 42254 43915 45607 47304 49001 50695 52384 54060 55718 57349 58945 60496 61992 63424 64781 66054 67232 68307 69270 70113 70828 71410 71854 72154 72309 72315 72173 71883 71446 70866 70147 69295 68316 67218 66011 64703 63307 61834 60297 58709 57083 55435 53778
70000 71691 73348 74940 76439 77822 79068 80158 81078 81816 82361 82709 82853 82792 82526 82057 81390 80529 79483 78261 76873 75332 73650 71841 69921 67906 65811 63654 61454 59226 56991 54764 52566 50414 48324 46315 44402 42602 40930 39399 38022 36813 35780 34933 34279 33825 33573 33527 33686 34048 34608 35359 36291 37393 38649 40041 41548 43146 44806 46499 48196 49892 51586 53274 54949 56604 58233 59826 61374 62867 64295 65649 66919 68095 69168 70130 70973 71690 72275 72723 73029 73191 73207 73077 72800 72380 71818 71119 70289 69335 68264 67086 65810 64447 63009 61508 59959 58373 56766 55151
70000 71691 73348 74941 76442 77827 79077 80172 81098 81844 82399 82757 82914 82867 82617 82166 81517 80678 79654 78455 77093 75577 73923 72142 70252 68266 66202 64077 61908 59712 57508 55314 53147 51026 48967 46988 45104 43333 41687 40183 38831 37645 36634 35808 35173 34736 34501 34469 34640 35013 35582 36340 37279 38386 39646 41040 42549 44147 45808 47500 49197 50894 52587 54273 55947 57601 59228 60818 62363 63854 65280 66632 67899 69074 70147 71109 71953 72672 73261 73714 74027 74197 74224 74105 73843 73438 72895 72216 71409 70479 69435 68285 67039 65708 64304 62839 61326 59779 58211 56636
70000 71691 73348 74942 76445 77833 79087 80187 81120 81874 82440 82810 82981 82950 82717 82286 81658 80841 79842 78670 77334 75848 74223 72475 70616 68664 66634 64543 62408 60248 58079 55920 53788 51701 49676 47730 45878 44138 42523 41047 39723 38563 37576 36773 36159 35741 35523 35507 35692 36076 36655 37423 38368 39480 40744 42141 43651 45251 46912 48604 50301 51997 53690 55376 57048 58701 60326 61915 63458 64947 66371 67721 68988 70162 71234 72197 73043 73766 74359 74817 75138 75317 75354 75248 75000 74612 74086 73428 72642 71736 70718 69595 68378 67078 65707 64275 62797 61286 59755 58218
70000 71691 73349 74944 76448 77840 79097 80204 81145 81908 82485 82868 83054 83040 82826 82415 81811 81019 80046 78902 77597 76142 74550 72835 71012 69095 67102 65049 62952 60830 58699 56578 54484 52434 50446 48535 46719 45013 43430 41986 40692 39559 38599 37820 37230 36833 36634 36634 36834 37231 37822 38598 39551 40669 41937 43337 44849 46449 48111 49803 51500 53196 54889 56574 58245 59897 61521 63108 64650 66137 67560 68909 70175 71349 72423 73388 74236 74962 75560 76025 76353 76542 76589 76496 76262 75889 75381 74742 73978 73095 72100 71004 69815 68544 67202 65803 64357 62880 61383 59882
70000 71691 73349 74945 76452 77847 79109 80222 81171 81944 82533 82930 83132 83136 82943 82555 81975 81209 80265 79152 77878 76457 74901 73222 71436 69559 67605 65591 63535 61454 59364 57284 55230 53220 51271 49400 47621 45951 44404 42993 41730 40629 39697 38945 38378 38004 37825 37843 38059 38471 39073 39859 40820 41944 43216 44620 46134 47735 49397 51089 52786 54482 56175 57859 59530 61181 62803 64390 65930 67417 68839 70188 71454 72629 73704 74670 75522 76252 76855 77327 77662 77860 77918 77837 77616 77259 76768 76147 75403 74541 73570 72498 71334 70090 68777 67407 65992 64545 63081 61611
70000 71691 73350 74947 76456 77854 79121 80241 81198 81982 82583 82996 83215 83239 83067 82703 82149 81412 80498 79416 78177 76792 75272 73633 71887 70050 68138 66167 64154 62116 60070 58033 56022 54055 52148 50317 48578 46947 45436 44061 42833 41763 40862 40137 39597 39246 39089 39126 39359 39785 40400 41197 42166 43297 44574 45981 47497 49099 50762 52454 54151 55847 57539 59223 60894 62544 64165 65751 67291 68777 70199 71548 72815 73990 75067 76036 76891 77626 78234 78712 79055 79262 79330 79260 79053 78709 78234 77631 76905 76063 75113 74063 72924 71705 70417 69074 67686 66268 64832 63392
70000 71691 73350 74949 76460 77862 79134 80261 81227 82022 82637 83065 83302 83346 83198 82858 82332 81624 80742 79695 78491 77143 75663 74064 72360 70567 68699 66773 64805 62812 60811 58820 56855 54932 53069 51281 49584 47993 46522 45184 43992 42956 42086 41391 40878 40552 40417 40475 40726 41168 41795 42603 43581 44719 46001 47412 48930 50533 52196 53889 55586 57281 58973 60657 62327 63977 65598 67183 68723 70209 71631 72980 74247 75425 76503 77475 78333 79072 79686 80169 80520 80735 80813 80754 80559 80229 79768 79180 78471 77648 76717 75688 74569 73373 72108 70789 69426 68033 66623 65209
70000 71691 73351 74950 76464 77870 79148 80282 81257 82064 82693 83137 83393 83458 83333 83020 82523 81846 80997 79985 78819 77510 76071 74514 72854 71105 69283 67404 65483 63538 61585 59641 57722 55846 54029 52286 50633 49084 47654 46355 45200 44199 43362 42698 42213 41914 41802 41881 42151 42609 43250 44069 45057 46201 47489 48903 50424 52029 53692 55384 57081 58777 60469 62152 63822 65471 67092 68677 70217 71702 73125 74475 75743 76922 78002 78977 79839 80582 81200 81690 82047 82270 82357 82308 82123 81805 81357 80784 80090 79282 78369 77357 76258 75081 73837 72539 71197 69826 68439 67048
70000 71691 73351 74952 76468 77878 79162 80303 81289 82107 82750 83212 83487 83574 83474 83188 82720 82075 81261 80285 79158 77889 76493 74980 73365 71663 69888 68057 66185 64289 62385 60490 58620 56793 55023 53326 51718 50213 48825 47567 46450 45485 44683 44050 43595 43322 43236 43337 43625 44100 44755 45586 46583 47736 49029 50447 51970 53576 55239 56932 58629 60324 62016 63700 65369 67018 68639 70224 71764 73249 74672 76023 77292 78473 79555 80532 81397 82144 82767 83262 83626 83855 83950 83909 83734 83427 82991 82429 81749 80955 80056 79061 77978 76817 75591 74311 72988 71636 70267 68896
70000 71691 73352 74954 76473 77886 79176 80325 81321 82152 82810 83288 83583 83694 83619 83360 82923 82311 81532 80594 79506 78279 76926 75458 73890 72236 70510 68728 66906 65061 63207 61363 59544 57765 56044 54395 52834 51374 50029 48812 47735 46808 46040 45441 45016 44771 44709 44832 45141 45632 46303 47146 48153 49313 50612 52033 53559 55166 56830 58523 60220 61915 63607 65290 66960 68609 70230 71814 73354 74840 76263 77615 78886 80067 81151 82131 82999 83749 84376 84876 85245 85481 85582 85549 85382 85084 84657 84106 83437 82655 81768 80786 79716 78570 77359 76093 74786 73449 72097 70741
70000 71691 73353 74956 76478 77895 79191 80348 81354 82197 82870 83367 83682 83815 83766 83537 83130 82552 81809 80909 79862 78678 77369 75947 74427 72821 71145 69414 67643 65849 64048 62255 60487 58759 57088 55488 53974 52560 51259 50085 49048 48159 47427 46861 46467 46250 46214 46361 46689 47198 47884 48739 49756 50924 52229 53654 55182 56791 58456 60148 61845 63541 65232 66916 68585 70234 71855 73440 74980 76466 77890 79242 80514 81697 82783 83764 84635 85388 86018 86522 86895 87136 87243 87216 87056 86765 86346 85804 85143 84371 83494 82522 81464 80329 79129 77876 76581 75257 73917 72574
70000 71691 73353 74958 76482 77904 79205 80371 81387 82243 82932 83446 83783 83939 83916 83716 83341 82797 82090 81229 80224 79083 77819 76444 74972 73416 71791 70111 68393 66651 64902 63162 61446 59770 58149 56598 55132 53765 52510 51378 50383 49533 48838 48305 47943 47755 47745 47914 48263 48790 49491 50359 51386 52562 53873 55302 56833 58443 60108 61801 63498 65193 66885 68568 70238 71886 73507 75092 76632 78119 79543 80896 82169 83353 84440 85423 86296 87051 87684 88191 88568 88813 88924 88902 88747 88462 88049 87513 86860 86095 85226 84262 83212 82086 80895 79650 78364 77050 75720 74386
70000 71691 73354 74960 76487 77913 79221 80394 81421 82290 82994 83527 83884 84065 84068 83897 83554 83044 82375 81554 80590 79493 78275 76947 75524 74018 72444 70817 69151 67462 65767 64079 62416 60792 59222 57722 56305 54985 53775 52687 51733 50922 50264 49766 49436 49277 49293 49486 49856 50401 51117 51998 53036 54219 55536 56970 58503 60114 61780 63472 65169 66865 68557 70240 71909 73558 75179 76764 78305 79792 81216 82570 83843 85028 86116 87101 87975 88732 89367 89876 90256 90503 90618 90599 90448 90167 89758 89227 88578 87819 86956 85997 84953 83833 82648 81410 80131 78824 77500 76174
70000 71691 73354 74962 76492 77922 79236 80418 81455 82337 83057 83608 83987 84191 84221 84079 83769 83294 82662 81881 80958 79906 78734 77454 76080 74625 73102 71527 69915 68280 66638 65004 63394 61822 60304 58854 57486 56214 55050 54006 53094 52323 51702 51239 50940 50810 50853 51070 51461 52024 52756 53650 54698 55889 57212 58650 60186 61798 63464 65157 66854 68550 70241 71925 73594 75243 76864 78449 79990 81477 82902 84256 85529 86715 87804 88789 89664 90423 91059 91570 91951 92200 92317 92301 92152 91873 91468 90940 90294 89538 88678 87724 86683 85567 84387 83153 81878 80574 79255 77933
70000 71692 73355 74964 76496 77931 79251 80441 81489 82385 83120 83689 84089 84318 84375 84263 83984 83545 82950 82209 81329 80321 79195 77963 76639 75234 73764 72242 70682 69101 67513 65933 64376 62857 61391 59991 58673 57449 56331 55331 54461 53730 53146 52718 52451 52351 52420 52661 53073 53655 54402 55309 56367 57567 58896 60338 61876 63490 65157 66850 68547 70242 71934 73617 75287 76936 78557 80142 81682 83170 84595 85949 87223 88409 89498 90484 91359 92118 92756 93267 93649 93900 94018 94002 93855 93578 93174 92647 92004 91249 90392 89439 88401 87287 86108 84877 83604 82303 80986 79666
70000 71692 73356 74966 76501 77940 79266 80465 81523 82432 83183 83771 84192 84445 84529 84447 84201 83796 83239 82538 81700 80736 79657 78473 77198 75845 74427 72957 71452 69924 68390 66863 65360 63894 62479 61131 59862 58686 57614 56659 55831 55139 54593 54200 53966 53895 53991 54256 54689 55289 56051 56971 58040 59248 60583 62029 63570 65186 66853 68546 70242 71938 73630 75313 76982 78631 80253 81838 83378 84866 86291 87645 88919 90105 91195 92181 93057 93816 94453 94965 95348 95599 95717 95702 95555 95279 94875 94349 93706 92953 92095 91144 90106 88993 87815 86585 85313 84012 82696 81377
70000 71692 73356 74969 76506 77949 79282 80488 81558 82479 83246 83853 84295 84572 84683 84630 84417 84048 83529 82867 82072 81152 80119 78984 77759 76456 75090 73673 72221 70747 69267 67795 66344 64931 63569 62271 61052 59924 58898 57987 57202 56550 56041 55683 55481 55440 55563 55851 56306 56924 57702 58635 59714 60930 62271 63722 65265 66882 68549 70243 71939 73635 75327 77010 78679 80328 81950 83535 85075 86563 87988 89342 90616 91802 92892 93878 94754 95513 96151 96662 97045 97296 97414 97400 97253 96976 96573 96047 95404 94650 93793 92842 91804 90691 89514 88283 87011 85711 84395 83076
70005 71697 73363 74976 76516 77964 79302 80517 81597 82532 83314 83939 84403 84704 84841 84818 84637 84303 83821 83199 82446 81571 80584 79497 78321 77069 75755 74391 72992 71572 70146 68727 67330 65970 64659 63413 62243 61162 60183 59316 58572 57961 57490 57166 56996 56985 57134 57447 57922 58559 59352 60298 61388 62612 63959 65414 66960 68578 70246 71939 73636 75332 77024 78707 80376 82025 83647 85232 86773 88260 89685 91040 92314 93500 94590 95576 96452 97211 97849 98361 98744 98995 99114 99099 98953 98677 98274 97748 97105 96352 95495 94543 93506 92393 91216 89986 88714 87414 86098 84779
70039 71731 73396 75010 76552 78004 79347 80570 81660 82607 83404 84047 84531 84855 85019 85024 84874 84574 84129 83547 82835 82003 81061 80021 78894 77692 76429 75117 73771 72404 71030 69664 68320 67012 65753 64556 63435 62402 61469 60646 59944 59372 58938 58649 58511 58529 58705 59041 59538 60192 61002 61961 63061 64293 65646 67105 68654 70273 71942 73635 75332 77028 78719 80403 82072 83722 85343 86929 88470 89958 91384 92739 94014 95201 96292 97279 98156 98917 99556 100000 100000 100000 100000 100000 100000 100000 99992 99468 98826 98074 97219 96268 95232 94121 92944 91715 90444 89145 87830 86512
70123 71814 73478 75092 76635 78089 79437 80666 81764 82723 83534 84193 84696 85041 85230 85262 85142 84874 84464 83919 83247 82457 81559 80564 79484 78331 77117 75856 74560 73245 71924 70610 69317 68059 66851 65703 64630 63644 62756 61976 61315 60782 60384 60130 60024 60070 60273 60633 61150 61823 62647 63619 64730 65970 67329 68792 70344 71964 73633 75327 77024 78719 80411 82095 83765 85415 87037 88624 90166 91656 93083 94440 95717 96907 98000 98990 99870 100000 100000 100000 100000 100000 100000 100000 100000 100000 100000 100000 100000 99832 98980 98033 97000 95891 94717 93490 92222 90924 89611 88295
70276 71963 73625 75237 76780 78235 79586 80820 81925 82893 83716 84389 84909 85274 85485 85543 85450 85213 84835 84325 83691 82940 82084 81132 80096 78989 77823 76610 75364 74098 72827 71563 70320 69112 67952 66852 65826 64885 64040 63303 62682 62187 61826 61605 61530 61605 61833 62216 62754 63445 64285 65269 66390 67639 69004 70471 72025 73647 75317 77010 78707 80403 82095 83779 85450 87101 88725 90313 91858 93350 94781 96141 97422 98616 99714 100000 100000 100000 100000 100000 100000 100000 100000 100000 100000 100000 100000 100000 100000 100000 100000 99849 98821 97717 96548 95326 94061 92768 91458 90144
70509 72193 73850 75460 77001 78455 79807 81043 82153 83128 83961 84646 85180 85563 85793 85873 85805 85595 85248 84770 84169 83455 82638 81726 80733 79669 78547 77380 76181 74962 73738 72522 71327 70166 69053 68000 67019 66122 65320 64623 64042 63584 63257 63069 63025 63128 63381 63788 64346 65054 65909 66906 68037 69294 70665 72136 73692 75316 76986 78679 80376 82072 83765 85450 87122 88775 90401 91992 93540 95037 96472 97838 99125 100000 100000 100000 100000 100000 100000 100000 100000 100000 100000 100000 100000 100000 100000 100000 100000 100000 100000 100000 100000 99608 98447 97231 95973 94685 93380 92071
70835 72512 74164 75768 77305 78756 80107 81344 82456 83436 84275 84969 85515 85911 86158 86257 86211 86025 85704 85255 84686 84005 83222 82348 81393 80370 79290 78165 77010 75836 74656 73485 72336 71220 70151 69142 68204 67349 66588 65931 65387 64966 64673 64517 64502 64632 64911 65340 65917 66643 67513 68522 69664 70928 72305 73781 75340 76964 78635 80328 82025 83722 85415 87101 88775 90430 92059 93654 95208 96710 98152 99525 100000 100000 100000 100000 100000 100000 100000 100000 100000 100000 100000 100000 100000 100000 100000 100000 100000 100000 100000 100000 100000 100000 100000 99211 97961 96681 95383 94080
71260 72928 74572 76169 77699 79145 80491 81726 82838 83819 84662 85362 85916 86323 86583 86698 86670 86504 86206 85782 85240 84588 83837 82996 82076 81090 80047 78962 77847 76714 75577 74448 73340 72267 71241 70273 69377 68562 67840 67221 66713 66326 66067 65941 65955 66112 66415 66865 67463 68205 69090 70111 71263 72535 73918 75397 76959 78585 80256 81950 83647 85343 87037 88725 90401 92059 93693 95293 96853 98363 99814 100000 100000 100000 100000 100000 100000 100000 100000 100000 100000 100000 100000 100000 100000 100000 100000 100000 100000 100000 100000 100000 100000 100000 100000 100000 100000 98759 97470 96174
71787 73444 75078 76664 78185 79623 80963 82193 83302 84281 85124 85827 86385 86799 87068 87194 87180 87031 86751 86348 85829 85203 84479 83667 82778 81824 80816 79767 78688 77593 76494 75404 74336 73302 72315 71387 70529 69752 69068 68484 68012 67658 67430 67334 67376 67559 67885 68357 68973 69732 70631 71665 72826 74106 75494 76978 78542 80170 81841 83535 85232 86929 88624 90313 91992 93654 95293 96901 98469 99988 100000 100000 100000 100000 100000 100000 100000 100000 100000 100000 100000 100000 100000 100000 100000 100000 100000 100000 100000 100000 100000 100000 100000 100000 100000 100000 100000 100000 99637 98352
72417 74062 75682 77256 78765 80192 81523 82744 83846 84820 85660 86361 86921 87338 87612 87745 87741 87603 87337 86951 86450 85845 85144 84357 83495 82569 81591 80573 79527 78466 77401 76347 75315 74318 73368 72476 71654 70913 70263 69714 69275 68952 68755 68688 68756 68964 69313 69805 70440 71216 72129 73174 74345 75633 77027 78514 80081 81710 83382 85075 86773 88470 90166 91858 93540 95208 96853 98469 100000 100000 100000 100000 100000 100000 100000 100000 100000 100000 100000 100000 100000 100000 100000 100000 100000 100000 100000 100000 100000 100000 100000 100000 100000 100000 100000 100000 100000 100000 100000 100000
73150 74778 76383 77942 79436 80850 82167 83377 84469 85434 86267 86963 87519 87935 88210 88346 88346 88216 87960 87585 87098 86509 85826 85059 84220 83318 82365 81374 80357 79326 78293 77270 76271 75307 74390 73532 72744 72037 71420 70902 70494 70202 70033 69993 70087 70319 70690 71203 71856 72647 73574 74631 75811 77106 78506 79997 81566 83197 84869 86563 88260 89958 91656 93350 95037 96710 98363 99988 100000 100000 100000 100000 100000 100000 100000 100000 100000 100000 100000 100000 100000 100000 100000 100000 100000 100000 100000 100000 100000 100000 100000 100000 100000 100000 100000 100000 100000 100000 100000 100000
73982 75591 77177 78718 80195 81591 82893 84088 85166 86119 86941 87627 88176 88586 88857 88991 88992 88864 88613 88245 87768 87189 86520 85768 84946 84063 83132 82164 81171 80166 79160 78166 77196 76262 75375 74548 73791 73114 72527 72040 71661 71397 71256 71242 71361 71615 72008 72540 73210 74017 74957 76025 77215 78518 79923 81418 82990 84621 86294 87988 89685 91384 93083 94781 96472 98152 99814 100000 100000 100000 100000 100000 100000 100000 100000 100000 100000 100000 100000 100000 100000 100000 100000 100000 100000 100000 100000 100000 100000 100000 100000 100000 100000 100000 100000 100000 100000 100000 100000 100000
74907 76495 78059 79579 81035 82412 83694 84870 85931 86867 87674 88348 88884 89284 89547 89675 89672 89541 89290 88924 88450 87878 87217 86476 85667 84799 83884 82935 81962 80978 79995 79025 78081 77173 76314 75514 74785 74136 73578 73119 72767 72530 72414 72425 72568 72844 73257 73808 74495 75317 76270 77349 78548 79858 81269 82768 84342 85975 87648 89342 91040 92739 94440 96141 97838 99525 100000 100000 100000 100000 100000 100000 100000 100000 100000 100000 100000 100000 100000 100000 100000 100000 100000 100000 100000 100000 100000 100000 100000 100000 100000 100000 100000 100000 100000 100000 100000 100000 100000 100000
75918 77482 79022 80518 81950 83303 84563 85717 86756 87673 88461 89117 89637 90022 90272 90389 90377 90239 89982 89613 89139 88568 87910 87175 86373 85515 84613 83677 82720 81753 80790 79840 78918 78033 77198 76423 75719 75096 74563 74130 73804 73592 73500 73535 73699 73997 74429 74998 75701 76538 77504 78594 79802 81119 82535 84038 85614 87248 88922 90616 92314 94014 95717 97422 99125 100000 100000 100000 100000 100000 100000 100000 100000 100000 100000 100000 100000 100000 100000 100000 100000 100000 100000 100000 100000 100000 100000 100000 100000 100000 100000 100000 100000 100000 100000 100000 100000 100000 100000 100000
77006 78543 80056 81525 82931 84257 85491 86619 87634 88527 89292 89926 90426 90792 91024 91125 91099 90949 90682 90305 89825 89250 88591 87857 87058 86205 85309 84383 83437 82484 81535 80603 79698 78833 78018 77265 76584 75984 75475 75065 74762 74573 74505 74561 74747 75064 75516 76102 76821 77672 78650 79751 80967 82291 83713 85219 86798 88434 90108 91802 93500 95201 96907 98616 100000 100000 100000 100000 100000 100000 100000 100000 100000 100000 100000 100000 100000 100000 100000 100000 100000 100000 100000 100000 100000 100000 100000 100000 100000 100000 100000 100000 100000 100000 100000 100000 100000 100000 100000 100000
78163 79669 81153 82592 83968 85264 86469 87568 88554 89419 90158 90765 91241 91583 91793 91874 91829 91662 91380 90990 90499 89916 89250 88512 87711 86858 85966 85044 84105 83161 82223 81304 80414 79565 78768 78033 77372 76792 76304 75916 75635 75467 75420 75497 75703 76039 76509 77111 77846 78710 79700 80812 82037 83368 84794 86305 87886 89523 91198 92892 94590 96292 98000 99714 100000 100000 100000 100000 100000 100000 100000 100000 100000 100000 100000 100000 100000 100000 100000 100000 100000 100000 100000 100000 100000 100000 100000 100000 100000 100000 100000 100000 100000 100000 100000 100000 100000 100000 100000 100000
79376 80850 82301 83707 85050 86314 87486 88553 89507 90341 91048 91626 92072 92387 92570 92626 92557 92369 92067 91659 91152 90556 89879 89132 88324 87467 86573 85652 84716 83777 82846 81936 81057 80220 79438 78719 78074 77513 77044 76675 76413 76266 76238 76335 76559 76914 77401 78019 78768 79646 80648 81769 83003 84341 85772 87287 88870 90508 92184 93878 95576 97279 98990 100000 100000 100000 100000 100000 100000 100000 100000 100000 100000 100000 100000 100000 100000 100000 100000 100000 100000 100000 100000 100000 100000 100000 100000 100000 100000 100000 100000 100000 100000 100000 100000 100000 100000 100000 100000 100000
80634 82073 83488 84859 86167 87395 88531 89563 90481 91280 91952 92496 92910 93192 93345 93371 93274 93059 92733 92303 91776 91161 90468 89707 88889 88023 87123 86198 85261 84323 83395 82490 81619 80792 80021 79315 78685 78139 77686 77335 77091 76962 76952 77067 77310 77682 78185 78819 79582 80472 81486 82617 83859 85203 86640 88158 89744 91383 93059 94754 96452 98156 99870 100000 100000 100000 100000 100000 100000 100000 100000 100000 100000 100000 100000 100000 100000 100000 100000 100000 100000 100000 100000 100000 100000 100000 100000 100000 100000 100000 100000 100000 100000 100000 100000 100000 100000 100000 100000 100000
81926 83327 84704 86037 87306 88495 89593 90586 91465 92225 92860 93366 93742 93989 94107 94099 93970 93724 93369 92912 92360 91722 91009 90230 89396 88518 87607 86674 85732 84791 83864 82961 82094 81273 80510 79815 79196 78664 78225 77889 77662 77549 77557 77689 77948 78336 78855 79503 80280 81183 82208 83349 84599 85950 87392 88913 90502 92142 93819 95513 97211 98917 100000 100000 100000 100000 100000 100000 100000 100000 100000 100000 100000 100000 100000 100000 100000 100000 100000 100000 100000 100000 100000 100000 100000 100000 100000 100000 100000 100000 100000 100000 100000 100000 100000 100000 100000 100000 100000 100000
83238 84598 85935 87227 88455 89604 90659 91610 92448 93166 93759 94224 94560 94766 94845 94799 94634 94354 93965 93477 92895 92231 91493 90692 89839 88944 88018 87074 86122 85175 84244 83340 82474 81657 80900 80212 79602 79081 78655 78332 78120 78022 78045 78193 78468 78872 79405 80068 80859 81774 82809 83959 85217 86575 88022 89547 91138 92779 94456 96151 97849 99556 100000 100000 100000 100000 100000 100000 100000 100000 100000 100000 100000 100000 100000 100000 100000 100000 100000 100000 100000 100000 100000 100000 100000 100000 100000 100000 100000 100000 100000 100000 100000 100000 100000 100000 100000 100000 100000 100000
84557 85875 87169 88418 89603 90707 91718 92625 93418 94091 94639 95060 95351 95514 95550 95463 95257 94938 94512 93988 93374 92679 91912 91085 90208 89292 88349 87389 86425 85468 84530 83621 82754 81938 81183 80500 79898 79386 78970 78660 78460 78376 78414 78576 78866 79284 79832 80509 81312 82239 83285 84444 85710 87074 88526 90055 91648 93291 94968 96662 98361 100000 100000 100000 100000 100000 100000 100000 100000 100000 100000 100000 100000 100000 100000 100000 100000 100000 100000 100000 100000 100000 100000 100000 100000 100000 100000 100000 100000 100000 100000 100000 100000 100000 100000 100000 100000 100000 100000 100000
85871 87144 88394 89597 90736 91794 92758 93618 94363 94989 95489 95862 96105 96221 96211 96079 95829 95468 95001 94438 93787 93057 92259 91402 90497 89557 88592 87614 86634 85664 84716 83800 82928 82110 81356 80676 80079 79574 79167 78867 78678 78607 78658 78834 79138 79570 80132 80822 81637 82576 83632 84800 86074 87444 88901 90433 92028 93673 95350 97045 98744 100000 100000 100000 100000 100000 100000 100000 100000 100000 100000 100000 100000 100000 100000 100000 100000 100000 100000 100000 100000 100000 100000 100000 100000 100000 100000 100000 100000 100000 100000 100000 100000 100000 100000 100000 100000 100000 100000 100000
87166 88393 89595 90751 91842 92852 93768 94577 95273 95848 96297 96619 96813 96879 96820 96639 96342 95935 95424 94819 94127 93359 92525 91635 90700 89732 88742 87742 86744 85758 84797 83872 82993 82170 81415 80736 80142 79642 79242 78951 78772 78713 78776 78965 79282 79727 80302 81004 81832 82781 83848 85025 86306 87683 89144 90680 92278 93923 95601 97296 98995 100000 100000 100000 100000 100000 100000 100000 100000 100000 100000 100000 100000 100000 100000 100000 100000 100000 100000 100000 100000 100000 100000 100000 100000 100000 100000 100000 100000 100000 100000 100000 100000 100000 100000 100000 100000 100000 100000 100000
88430 89609 90762 91869 92911 93870 94734 95492 96136 96658 97054 97323 97464 97477 97366 97134 96786 96330 95772 95122 94387 93578 92704 91778 90810 89812 88794 87770 86750 85746 84770 83832 82944 82115 81356 80676 80084 79587 79193 78909 78740 78691 78765 78966 79295 79754 80341 81056 81895 82855 83931 85118 86406 87789 89255 90794 92394 94041 95720 97414 99114 100000 100000 100000 100000 100000 100000 100000 100000 100000 100000 100000 100000 100000 100000 100000 100000 100000 100000 100000 100000 100000 100000 100000 100000 100000 100000 100000 100000 100000 100000 100000 100000 100000 100000 100000 100000 100000 100000 100000
89650 90779 91883 92939 93929 94836 95648 96352 96941 97408 97749 97963 98048 98006 97840 97555 97155 96647 96039 95340 94559 93706 92792 91827 90823 89791 88744 87693 86649 85625 84631 83679 82779 81942 81178 80495 79903 79409 79019 78741 78580 78540 78625 78837 79179 79649 80249 80975 81826 82797 83883 85077 86373 87762 89233 90776 92378 94026 95705 97400 99099 100000 100000 100000 100000 100000 100000 100000 100000 100000 100000 100000 100000 100000 100000 100000 100000 100000 100000 100000 100000 100000 100000 100000 100000 100000 100000 100000 100000 100000 100000 100000 100000 100000 100000 100000 100000 100000 100000 100000
90815 91892 92945 93949 94886 95740 96497 97146 97679 98089 98374 98530 98558 98459 98236 97894 97439 96878 96218 95469 94639 93740 92782 91776 90734 89667 88588 87507 86438 85391 84378 83410 82497 81651 80880 80193 79599 79106 78720 78447 78293 78262 78356 78579 78932 79414 80025 80763 81625 82606 83702 84905 86208 87603 89079 90625 92229 93878 95558 97253 98953 100000 100000 100000 100000 100000 100000 100000 100000 100000 100000 100000 100000 100000 100000 100000 100000 100000 100000 100000 100000 100000 100000 100000 100000 100000 100000 100000 100000 100000 100000 100000 100000 100000 100000 100000 100000 100000 100000 100000
91912 92938 93938 94889 95772 96571 97272 97865 98340 98693 98918 99016 98984 98826 98545 98146 97634 97017 96303 95502 94622 93675 92671 91622 90540 89436 88323 87212 86115 85044 84010 83024 82098 81240 80461 79769 79172 78679 78296 78028 77880 77856 77960 78193 78557 79050 79673 80422 81295 82287 83392 84603 85914 87314 88795 90344 91951 93601 95281 96976 98677 100000 100000 100000 100000 100000 100000 100000 100000 100000 100000 100000 100000 100000 100000 100000 100000 100000 100000 100000 100000 100000 100000 100000 100000 100000 100000 100000 100000 100000 100000 100000 100000 100000 100000 100000 100000 100000 100000 100000
92932 93905 94851 95748 96577 97320 97965 98499 98916 99209 99375 99412 99321 99103 98762 98303 97733 97059 96290 95435 94503 93506 92456 91363 90239 89096 87948 86805 85679 84582 83527 82522 81580 80711 79922 79224 78625 78131 77749 77485 77343 77327 77440 77683 78056 78561 79195 79955 80839 81840 82955 84175 85492 86899 88384 89937 91546 93197 94878 96573 98274 99992 100000 100000 100000 100000 100000 100000 100000 100000 100000 100000 100000 100000 100000 100000 100000 100000 100000 100000 100000 100000 100000 100000 100000 100000 100000 100000 100000 100000 100000 100000 100000 100000 100000 100000 100000 100000 100000 100000
93864 94783 95676 96518 97291 97978 98565 99042 99399 99633 99738 99714 99561 99282 98880 98362 97732 97000 96174 95264 94280 93233 92134 90995 89829 88647 87462 86286 85131 84008 82929 81906 80947 80065 79267 78562 77959 77464 77083 76822 76686 76677 76798 77050 77435 77950 78595 79366 80260 81272 82396 83624 84949 86361 87851 89407 91018 92671 94352 96047 97748 99467 100000 100000 100000 100000 100000 100000 100000 100000 100000 100000 100000 100000 100000 100000 100000 100000 100000 100000 100000 100000 100000 100000 100000 100000 100000 100000 100000 100000 100000 100000 100000 100000 100000 100000 100000 100000 100000 100000
94700 95565 96403 97191 97908 98538 99067 99485 99783 99955 99999 99914 99699 99359 98896 98316 97627 96836 95953 94987 93950 92851 91704 90519 89310 88088 86866 85657 84471 83322 82220 81176 80201 79305 78497 77786 77178 76681 76302 76044 75913 75910 76040 76302 76696 77222 77878 78660 79565 80587 81719 82956 84288 85706 87201 88760 90374 92028 93709 95404 97105 98826 100000 100000 100000 100000 100000 100000 100000 100000 100000 100000 100000 100000 100000 100000 100000 100000 100000 100000 100000 100000 100000 100000 100000 100000 100000 100000 100000 100000 100000 100000 100000 100000 100000 100000 100000 100000 100000 100000
95430 96241 97025 97757 98419 98992 99463 99822 100000 100000 100000 100000 99731 99329 98804 98164 97415 96565 95625 94603 93512 92362 91166 89935 88683 87421 86162 84918 83702 82526 81401 80337 79345 78436 77618 76899 76287 75789 75410 75155 75029 75034 75171 75442 75847 76384 77050 77844 78759 79790 80932 82177 83516 84940 86440 88003 89618 91273 92955 94650 96352 98074 99832 100000 100000 100000 100000 100000 100000 100000 100000 100000 100000 100000 100000 100000 100000 100000 100000 100000 100000 100000 100000 100000 100000 100000 100000 100000 100000 100000 100000 100000 100000 100000 100000 100000 100000 100000 100000 100000
96049 96806 97535 98213 98818 99334 99748 100000 100000 100000 100000 99991 99653 99189 98603 97902 97093 96185 95188 94111 92966 91766 90521 89244 87948 86646 85351 84074 82828 81625 80476 79393 78385 77462 76634 75908 75292 74792 74414 74163 74042 74053 74199 74480 74894 75442 76119 76924 77849 78891 80042 81295 82641 84071 85575 87142 88759 90416 92098 93793 95495 97219 98980 100000 100000 100000 100000 100000 100000 100000 100000 100000 100000 100000 100000 100000 100000 100000 100000 100000 100000 100000 100000 100000 100000 100000 100000 100000 100000 100000 100000 100000 100000 100000 100000 100000 100000 100000 100000 100000
96549 97252 97928 98551 99101 99561 99917 100000 100000 100000 100000 99862 99463 98938 98291 97530 96662 95696 94642 93511 92314 91063 89770 88448 87110 85769 84437 83127 81852 80623 79451 78348 77325 76389 75551 74819 74199 73698 73322 73074 72958 72977 73131 73421 73846 74405 75093 75908 76845 77897 79057 80318 81672 83108 84616 86186 87806 89464 91146 92842 94543 96268 98033 99849 100000 100000 100000 100000 100000 100000 100000 100000 100000 100000 100000 100000 100000 100000 100000 100000 100000 100000 100000 100000 100000 100000 100000 100000 100000 100000 100000 100000 100000 100000 100000 100000 100000 100000 100000 100000
96925 97576 98198 98767 99263 99667 99967 100000 100000 100000 99947 99617 99158 98573 97867 97047 96122 95099 93990 92805 91556 90256 88916 87550 86171 84792 83425 82083 80779 79525 78332 77210 76171 75224 74377 73639 73016 72515 72140 71896 71787 71813 71976 72276 72711 73281 73981 74807 75754 76816 77986 79256 80616 82058 83571 85145 86767 88426 90109 91804 93506 95232 97000 98821 100000 100000 100000 100000 100000 100000 100000 100000 100000 100000 100000 100000 100000 100000 100000 100000 100000 100000 100000 100000 100000 100000 100000 100000 100000 100000 100000 100000 100000 100000 100000 100000 100000 100000 100000 100000
97174 97773 98343 98859 99301 99651 99895 100000 100000 99902 99645 99257 98739 98096 97332 96455 95472 94394 93231 91995 90696 89348 87963 86555 85136 83720 82319 80947 79616 78338 77124 75986 74933 73975 73120 72377 71752 71251 70879 70640 70536 70570 70743 71053 71500 72081 72792 73630 74588 75660 76839 78117 79485 80933 82451 84028 85652 87312 88996 90691 92393 94121 95891 97717 99608 100000 100000 100000 100000 100000 100000 100000 100000 100000 100000 100000 100000 100000 100000 100000 100000 100000 100000 100000 100000 100000 100000 100000 100000 100000 100000 100000 100000 100000 100000 100000 100000 100000 100000 100000
97292 97840 98359 98824 99213 99510 99700 99773 99721 99540 99226 98781 98207 97506 96686 95753 94716 93585 92371 91084 89737 88343 86916 85467 84010 82559 81127 79726 78370 77070 75837 74683 73617 72650 71789 71042 70415 69916 69547 69314 69217 69260 69442 69764 70222 70814 71538 72387 73356 74439 75628 76914 78290 79743 81266 82846 84473 86134 87818 89514 91216 92944 94717 96548 98447 100000 100000 100000 100000 100000 100000 100000 100000 100000 100000 100000 100000 100000 100000 100000 100000 100000 100000 100000 100000 100000 100000 100000 100000 100000 100000 100000 100000 100000 100000 100000 100000 100000 100000 100000
97278 97777 98246 98660 98998 99243 99381 99401 99295 99059 98691 98191 97562 96807 95932 94946 93857 92675 91411 90077 88685 87248 85779 84292 82799 81316 79854 78427 77048 75727 74478 73310 72233 71258 70392 69642 69016 68519 68155 67928 67840 67893 68086 68418 68889 69493 70229 71090 72071 73164 74363 75658 77041 78501 80028 81611 83240 84903 86588 88283 89986 91715 93490 95326 97231 99211 100000 100000 100000 100000 100000 100000 100000 100000 100000 100000 100000 100000 100000 100000 100000 100000 100000 100000 100000 100000 100000 100000 100000 100000 100000 100000 100000 100000 100000 100000 100000 100000 100000 100000
97132 97582 98003 98368 98657 98852 98939 98908 98750 98462 98041 97489 96807 96000 95074 94037 92898 91668 90357 88978 87543 86066 84559 83036 81511 79998 78509 77058 75658 74320 73055 71876 70791 69809 68940 68190 67566 67073 66715 66495 66417 66480 66684 67029 67512 68129 68878 69751 70744 71848 73056 74360 75750 77217 78749 80336 81967 83631 85316 87011 88714 90444 92222 94061 95973 97961 100000 100000 100000 100000 100000 100000 100000 100000 100000 100000 100000 100000 100000 100000 100000 100000 100000 100000 100000 100000 100000 100000 100000 100000 100000 100000 100000 100000 100000 100000 100000 100000 100000 100000
96852 97256 97631 97950 98191 98338 98376 98296 98088 97750 97280 96677 95945 95089 94115 93030 91845 90570 89215 87795 86320 84805 83263 81708 80154 78613 77101 75629 74210 72856 71580 70391 69299 68314 67444 66695 66074 65587 65237 65026 64958 65033 65249 65607 66103 66735 67496 68382 69387 70502 71721 73034 74432 75904 77441 79031 80665 82330 84016 85711 87414 89145 90924 92768 94685 96681 98759 100000 100000 100000 100000 100000 100000 100000 100000 100000 100000 100000 100000 100000 100000 100000 100000 100000 100000 100000 100000 100000 100000 100000 100000 100000 100000 100000 100000 100000 100000 100000 100000 100000
96442 96802 97132 97406 97602 97703 97695 97568 97313 96928 96410 95761 94982 94079 93060 91931 90702 89385 87991 86532 85021 83473 81899 80315 78734 77170 75637 74147 72713 71347 70061 68866 67770 66784 65914 65169 64554 64074 63733 63533 63477 63564 63794 64166 64676 65322 66097 66996 68013 69140 70369 71691 73097 74575 76117 77711 79347 81013 82700 84395 86098 87830 89611 91458 93380 95383 97470 99637 100000 100000 100000 100000 100000 100000 100000 100000 100000 100000 100000 100000 100000 100000 100000 100000 100000 100000 100000 100000 100000 100000 100000 100000 100000 100000 100000 100000 100000 100000 100000 100000
95902 96220 96508 96740 96893 96951 96899 96728 96429 96000 95438 94744 93922 92976 91915 90745 89477 88122 86691 85198 83655 82076 80475 78865 77262 75678 74127 72623 71177 69802 68510 67311 66214 65229 64363 63624 63016 62545 62215 62028 61984 62086 62331 62718 63243 63903 64693 65606 66636 67775 69014 70346 71759 73244 74791 76388 78026 79694 81381 83076 84779 86512 88295 90144 92071 94080 96174 98352 100000 100000 100000 100000 100000 100000 100000 100000 100000 100000 100000 100000 100000 100000 100000 100000 100000 100000 100000 100000 100000 100000 100000 100000 100000 100000 100000 100000 100000 100000 100000 100000
