20 20
7 7 8 8 8 8 7 7 6 6 5 5 5 6 6 7 8 9 9 10
7 7 8 8 8 8 7 7 6 5 5 5 5 6 6 7 8 8 9 10
7 7 8 8 8 8 7 7 6 5 5 5 5 5 6 7 7 8 9 10
7 7 8 8 8 8 7 6 6 5 5 5 5 5 6 6 7 8 9 9
7 7 8 8 8 7 7 6 5 5 4 4 4 5 5 6 7 7 8 9
7 7 8 8 8 7 7 6 5 4 4 4 4 4 5 5 6 7 8 8
7 7 8 8 8 7 7 6 5 4 3 3 3 4 4 5 6 6 7 7
7 7 8 8 8 7 6 5 5 4 3 3 3 3 4 4 5 6 6 7
7 7 8 8 8 7 6 5 4 4 3 3 3 3 4 4 5 6 6 6
7 7 8 8 8 7 6 5 4 4 3 3 3 3 3 4 5 6 6 6
7 7 8 8 8 7 6 5 5 4 3 3 3 3 4 4 5 6 6 7
7 7 8 8 8 7 6 6 5 4 3 3 3 3 4 5 5 6 7 7
7 7 8 8 8 7 7 6 5 4 4 4 4 4 5 5 6 7 7 7
7 7 8 8 8 7 7 6 5 5 4 4 4 5 5 6 7 7 8 8
7 7 8 8 8 8 7 6 6 5 5 5 5 5 6 7 7 8 8 9
7 7 8 8 8 8 7 7 6 6 5 5 6 6 7 7 8 9 9 9
7 7 8 8 8 8 8 7 7 6 6 6 6 7 7 8 9 9 10 10
7 7 8 8 8 8 8 8 7 7 7 7 7 7 8 9 9 10 10 11
7 8 8 9 9 8 8 8 7 7 7 7 7 8 8 9 10 10 11 12
8 8 9 9 9 9 8 8 8 7 7 7 8 8 9 9 10 11 12 12
